label	pred
4.0	4.6896538734436035
4.0	4.762763977050781
4.0	4.3918657302856445
4.0	4.766066551208496
4.0	4.555398464202881
3.0	3.919198751449585
1.0	1.3799781799316406
3.0	3.750394344329834
4.0	4.359410285949707
3.0	3.922107219696045
3.0	3.5781211853027344
3.0	3.613128185272217
4.0	4.561540603637695
1.0	1.104618787765503
1.0	1.4730781316757202
4.0	4.479911804199219
3.0	3.356205463409424
4.0	4.5363616943359375
3.0	3.1946005821228027
2.0	2.3061139583587646
1.0	1.5846976041793823
3.0	3.5755417346954346
3.0	3.2641406059265137
2.0	2.1598920822143555
3.0	3.259535074234009
4.0	4.370104789733887
4.0	4.3226399421691895
3.0	3.609311580657959
2.0	2.3677213191986084
3.0	3.412193775177002
4.0	4.539180755615234
3.0	3.727644205093384
2.0	2.1374659538269043
3.0	3.407200813293457
4.0	4.240278244018555
4.0	4.190506935119629
0.0	0.6845656633377075
4.0	4.407722473144531
4.0	4.422674655914307
4.0	4.323608875274658
4.0	4.314539909362793
4.0	4.403722286224365
3.0	3.5054848194122314
3.0	3.6924855709075928
4.0	4.4374518394470215
4.0	4.275832176208496
1.0	1.1557023525238037
3.0	3.386021375656128
3.0	3.2410666942596436
3.0	3.2510132789611816
4.0	4.533827304840088
4.0	4.476688385009766
1.0	0.917879045009613
3.0	3.3854966163635254
3.0	3.5466418266296387
3.0	3.3274409770965576
2.0	2.0895285606384277
2.0	2.229137897491455
3.0	3.448455572128296
3.0	3.438416004180908
3.0	3.2816591262817383
4.0	4.542362689971924
4.0	4.244043827056885
2.0	2.4149491786956787
1.0	1.26791512966156
3.0	3.1380701065063477
4.0	4.453351020812988
2.0	2.166687250137329
4.0	4.258030414581299
3.0	3.2829747200012207
2.0	2.5017781257629395
3.0	3.4335343837738037
2.0	2.407991409301758
4.0	4.102170944213867
3.0	3.4249370098114014
4.0	4.099165439605713
3.0	3.2111685276031494
3.0	3.295022964477539
3.0	3.205963611602783
4.0	4.567733287811279
3.0	3.3109192848205566
4.0	4.395899772644043
1.0	1.1910929679870605
2.0	2.0669760704040527
3.0	3.278102159500122
5.0	5.12346076965332
3.0	3.281827211380005
4.0	4.250594139099121
3.0	3.3088035583496094
1.0	1.0019030570983887
4.0	4.204773426055908
1.0	1.0650815963745117
3.0	3.078378677368164
3.0	3.166213274002075
3.0	3.1027345657348633
4.0	4.129693031311035
3.0	3.013460874557495
2.0	2.336585521697998
4.0	4.1705451011657715
3.0	3.1582722663879395
3.0	3.5301578044891357
4.0	4.404853343963623
3.0	3.1996586322784424
4.0	4.181700706481934
2.0	2.064019203186035
3.0	3.138789176940918
3.0	3.3757762908935547
2.0	2.3698222637176514
3.0	3.417840003967285
4.0	4.2695441246032715
4.0	4.097475528717041
3.0	2.92067813873291
3.0	3.176292896270752
3.0	2.8249049186706543
4.0	4.261025428771973
3.0	3.2557311058044434
4.0	4.496937274932861
3.0	2.943338632583618
2.0	1.678606629371643
4.0	4.448023796081543
4.0	4.1186723709106445
4.0	4.321641445159912
4.0	4.318283557891846
4.0	4.252718448638916
4.0	4.051976203918457
3.0	2.987028121948242
3.0	3.131014347076416
3.0	3.6622416973114014
4.0	4.083336353302002
1.0	1.1283111572265625
3.0	3.1360552310943604
4.0	4.352502346038818
2.0	1.9866724014282227
3.0	3.5662002563476562
3.0	2.629950761795044
4.0	4.006279468536377
3.0	3.3944950103759766
2.0	2.4866042137145996
3.0	3.4154648780822754
2.0	1.6552609205245972
3.0	3.0925731658935547
4.0	4.459986686706543
0.0	0.34355413913726807
2.0	2.0601487159729004
4.0	4.349282264709473
3.0	3.19474458694458
4.0	4.3916015625
4.0	4.422829627990723
3.0	3.1684281826019287
4.0	4.383195400238037
4.0	4.537080764770508
3.0	3.283291816711426
3.0	3.2760844230651855
3.0	3.4159233570098877
1.0	1.298652172088623
2.0	2.1165735721588135
4.0	4.378598213195801
4.0	4.495609760284424
4.0	4.655375003814697
4.0	4.396846294403076
3.0	3.5692496299743652
4.0	4.629067897796631
1.0	1.2001099586486816
4.0	4.490797996520996
3.0	3.4186689853668213
3.0	3.365360736846924
3.0	3.3072142601013184
3.0	3.2239913940429688
3.0	3.5362472534179688
2.0	2.6232151985168457
4.0	4.725622653961182
2.0	2.5022952556610107
1.0	1.5049002170562744
4.0	4.563649654388428
3.0	3.6607441902160645
2.0	2.2633767127990723
3.0	3.404836893081665
3.0	3.6029012203216553
2.0	2.5248830318450928
2.0	2.4844863414764404
3.0	3.40571928024292
2.0	2.4081153869628906
3.0	3.4451451301574707
4.0	4.36934232711792
3.0	3.6784794330596924
2.0	2.437115430831909
2.0	2.1514029502868652
2.0	2.4310038089752197
2.0	2.5769851207733154
2.0	2.370990514755249
3.0	3.5005784034729004
3.0	2.9994404315948486
2.0	2.5773696899414062
2.0	2.4510340690612793
3.0	3.2886147499084473
3.0	3.25058650970459
2.0	2.4874868392944336
3.0	3.5632526874542236
2.0	2.3689329624176025
3.0	3.637803792953491
2.0	1.9267864227294922
2.0	2.3856587409973145
3.0	3.4809906482696533
3.0	3.582697868347168
1.0	0.9724001884460449
2.0	2.22719407081604
3.0	3.3116140365600586
2.0	2.3339123725891113
2.0	2.3028628826141357
2.0	2.409623146057129
2.0	2.7122607231140137
3.0	3.3184773921966553
3.0	3.7022011280059814
4.0	4.574378490447998
3.0	3.6644747257232666
3.0	3.702253818511963
4.0	4.735722541809082
3.0	3.6028077602386475
3.0	3.719972848892212
3.0	3.6034932136535645
2.0	2.2339415550231934
3.0	3.4276602268218994
3.0	3.7477781772613525
2.0	2.9196102619171143
2.0	2.3716838359832764
2.0	2.6744301319122314
3.0	3.236973285675049
1.0	1.1780312061309814
2.0	2.4758529663085938
3.0	3.4212515354156494
3.0	3.53763747215271
2.0	2.9512948989868164
2.0	2.738304853439331
2.0	2.4151368141174316
3.0	3.372069835662842
2.0	2.8444371223449707
2.0	2.1809825897216797
3.0	3.7550294399261475
3.0	3.6204605102539062
1.0	1.8654686212539673
0.0	-0.10700584948062897
2.0	2.4853179454803467
3.0	3.537365198135376
3.0	3.671968460083008
3.0	3.555732488632202
4.0	4.798044204711914
3.0	3.732288122177124
1.0	1.2638344764709473
3.0	3.396916389465332
4.0	4.800713539123535
2.0	2.2902817726135254
3.0	3.4184210300445557
3.0	3.653066873550415
3.0	3.2879343032836914
1.0	1.4724903106689453
2.0	2.52119517326355
3.0	3.650270938873291
3.0	3.6752302646636963
3.0	3.831944465637207
3.0	3.6308813095092773
3.0	3.614861488342285
3.0	3.6563985347747803
3.0	3.6501567363739014
2.0	2.297861099243164
4.0	4.461270332336426
1.0	1.6488330364227295
4.0	4.811069965362549
4.0	4.627171039581299
3.0	3.374047040939331
3.0	3.581592321395874
3.0	3.8862552642822266
4.0	4.480681896209717
3.0	3.7922706604003906
4.0	4.570751190185547
3.0	3.6391496658325195
3.0	3.920743465423584
2.0	2.7461652755737305
3.0	3.644120931625366
3.0	3.7676899433135986
3.0	3.545708179473877
3.0	3.2909083366394043
3.0	3.346212148666382
4.0	5.049442768096924
2.0	2.6145193576812744
3.0	3.6877546310424805
3.0	3.58060884475708
3.0	3.636307716369629
3.0	3.4405524730682373
3.0	3.8781256675720215
3.0	3.6363275051116943
4.0	4.569324493408203
3.0	3.6425657272338867
2.0	2.8788256645202637
3.0	3.9191794395446777
2.0	2.7615392208099365
2.0	2.4211044311523438
3.0	3.6871306896209717
3.0	3.8022384643554688
0.0	0.41730764508247375
1.0	1.7589881420135498
3.0	3.848874807357788
4.0	4.862739086151123
4.0	4.984437942504883
3.0	3.5611624717712402
3.0	3.5860304832458496
4.0	4.732004165649414
2.0	2.7632949352264404
3.0	3.500239133834839
4.0	4.997363567352295
3.0	3.8366658687591553
3.0	3.7498936653137207
3.0	3.755979299545288
0.0	0.15136151015758514
2.0	2.791172981262207
3.0	3.529836654663086
3.0	3.6499719619750977
3.0	3.6995797157287598
1.0	1.6811105012893677
1.0	1.4190559387207031
2.0	2.861845016479492
3.0	3.7595109939575195
3.0	3.730536699295044
4.0	4.963916301727295
2.0	3.2664480209350586
4.0	4.845184803009033
4.0	4.759096622467041
1.0	1.2684253454208374
3.0	3.9479122161865234
3.0	3.8767833709716797
3.0	3.475656509399414
2.0	2.620751142501831
3.0	4.028248310089111
0.0	0.48785972595214844
4.0	4.629851341247559
3.0	3.9859800338745117
5.0	5.576568603515625
4.0	4.791110992431641
3.0	3.7133307456970215
3.0	3.5052921772003174
3.0	3.783112049102783
4.0	4.834290504455566
3.0	3.858522415161133
3.0	4.12793493270874
2.0	3.0967493057250977
3.0	3.8745293617248535
3.0	3.755218982696533
4.0	4.656057834625244
4.0	4.798938274383545
4.0	4.899878978729248
3.0	3.8714370727539062
3.0	3.718921422958374
4.0	4.6888251304626465
3.0	3.7661256790161133
3.0	3.822847366333008
2.0	2.4794723987579346
2.0	2.610466480255127
3.0	3.547485113143921
1.0	1.584230661392212
3.0	3.6831066608428955
4.0	4.766894817352295
