label	pred
4.0	4.716362953186035
5.0	5.484236240386963
5.0	5.74323844909668
4.0	4.8747334480285645
3.0	3.749776840209961
3.0	3.9292397499084473
1.0	2.0135226249694824
3.0	4.255010604858398
3.0	4.121642589569092
2.0	3.27168345451355
3.0	4.013709545135498
3.0	4.084731101989746
4.0	4.436046123504639
2.0	2.8890023231506348
1.0	2.226724147796631
4.0	4.780167579650879
3.0	4.263600826263428
4.0	4.793484210968018
3.0	3.928910970687866
2.0	3.151451349258423
1.0	2.2833895683288574
3.0	4.2051825523376465
2.0	3.390855550765991
3.0	3.9161646366119385
3.0	3.871497392654419
3.0	3.9256808757781982
3.0	4.021523475646973
3.0	4.140028476715088
3.0	3.9166059494018555
4.0	4.664639949798584
4.0	4.553162574768066
3.0	4.143342971801758
2.0	3.135769844055176
3.0	3.9334399700164795
3.0	3.7417147159576416
3.0	3.9571568965911865
0.0	0.6271037459373474
4.0	4.716231346130371
3.0	4.077452182769775
4.0	4.660484790802002
4.0	4.6233038902282715
4.0	4.657482624053955
4.0	4.582500457763672
4.0	4.9856038093566895
4.0	4.773416996002197
4.0	4.728874683380127
1.0	1.533305048942566
3.0	3.969701051712036
2.0	2.5780866146087646
3.0	3.6056480407714844
3.0	3.833178997039795
4.0	4.512921333312988
3.0	3.611467123031616
3.0	3.5106780529022217
3.0	3.3514201641082764
3.0	3.617462396621704
2.0	2.7352662086486816
2.0	2.1733956336975098
3.0	3.8034865856170654
3.0	3.4314863681793213
2.0	2.653589963912964
3.0	3.6981489658355713
4.0	4.693141460418701
3.0	3.436628580093384
1.0	1.3805301189422607
3.0	3.4933533668518066
3.0	3.471341609954834
3.0	3.5673739910125732
3.0	3.3461191654205322
3.0	3.478692054748535
3.0	3.5194766521453857
3.0	3.3643887042999268
3.0	3.333730459213257
3.0	3.4749703407287598
3.0	3.428631544113159
4.0	4.365782260894775
3.0	3.325701951980591
3.0	3.432577133178711
3.0	3.403362989425659
4.0	4.178170680999756
4.0	4.5524115562438965
4.0	4.482381343841553
2.0	2.296769857406616
3.0	3.1121442317962646
3.0	3.264620065689087
4.0	4.049831390380859
2.0	2.3311569690704346
3.0	3.111690044403076
3.0	3.271821975708008
1.0	1.1095165014266968
4.0	4.608374118804932
1.0	1.0356035232543945
3.0	3.285822868347168
3.0	3.2934024333953857
3.0	3.1078407764434814
2.0	1.888548731803894
4.0	4.4239182472229
3.0	3.123194932937622
3.0	3.2259702682495117
3.0	2.891392469406128
3.0	3.150730848312378
3.0	3.011655569076538
3.0	3.0598952770233154
3.0	3.991260290145874
3.0	3.0941216945648193
4.0	4.151539325714111
3.0	3.0001022815704346
2.0	1.9993667602539062
3.0	3.642653703689575
4.0	4.212714672088623
4.0	4.203701496124268
4.0	4.305922985076904
4.0	3.9885644912719727
3.0	3.377619504928589
4.0	4.333925724029541
4.0	4.042780876159668
4.0	4.245445251464844
4.0	3.989753246307373
3.0	3.2908151149749756
4.0	4.335109233856201
4.0	4.6166181564331055
4.0	4.467049598693848
4.0	4.167662620544434
4.0	3.8180086612701416
5.0	4.818806171417236
5.0	5.281185626983643
3.0	2.831650972366333
4.0	4.281560897827148
4.0	4.294890880584717
1.0	0.8741334080696106
3.0	2.9335505962371826
4.0	4.062925815582275
2.0	2.0803511142730713
3.0	2.8767621517181396
3.0	3.1794655323028564
4.0	4.487643718719482
3.0	3.034492015838623
2.0	1.761766791343689
3.0	2.9119436740875244
3.0	3.0862295627593994
3.0	3.1538753509521484
4.0	4.007696628570557
0.0	0.45284560322761536
2.0	1.4428575038909912
4.0	4.027195453643799
3.0	3.4989140033721924
4.0	4.238961219787598
3.0	3.158454656600952
3.0	3.250272512435913
4.0	4.192263126373291
4.0	4.251865863800049
3.0	3.078718900680542
3.0	3.03263521194458
4.0	4.174992561340332
1.0	0.7062128186225891
3.0	3.016218423843384
4.0	4.031834602355957
4.0	4.117171287536621
4.0	4.424393177032471
5.0	5.314835071563721
3.0	3.239194393157959
4.0	4.3528523445129395
1.0	0.8952265381813049
3.0	2.9393808841705322
3.0	3.1423816680908203
4.0	4.192450523376465
3.0	3.27821946144104
3.0	3.270530939102173
3.0	3.4295592308044434
2.0	2.137341260910034
4.0	4.171515464782715
3.0	3.070387840270996
1.0	0.6698235869407654
4.0	4.388723850250244
3.0	3.0103812217712402
3.0	3.338531732559204
4.0	4.506320953369141
3.0	2.9460341930389404
2.0	2.0740108489990234
3.0	3.0432674884796143
2.0	1.9451886415481567
2.0	2.2604174613952637
3.0	3.4211459159851074
4.0	4.525692939758301
3.0	3.436638116836548
2.0	2.6824655532836914
3.0	3.2719719409942627
2.0	2.2378180027008057
3.0	2.967329263687134
2.0	2.1330349445343018
2.0	2.147395133972168
2.0	2.054706335067749
1.0	1.0532633066177368
2.0	1.855143427848816
3.0	3.677502393722534
4.0	4.569060325622559
3.0	3.589378595352173
2.0	2.414452314376831
3.0	3.3940744400024414
3.0	3.3981549739837646
2.0	1.9030359983444214
2.0	2.1338796615600586
3.0	3.4861035346984863
3.0	3.5567805767059326
1.0	1.172338843345642
3.0	3.5709147453308105
3.0	3.4662117958068848
2.0	2.5930047035217285
3.0	2.9674057960510254
3.0	3.17210054397583
2.0	2.2269155979156494
3.0	3.4700241088867188
2.0	3.287057876586914
2.0	2.268638849258423
4.0	4.380019187927246
3.0	3.5444047451019287
4.0	4.732272624969482
3.0	3.443700075149536
2.0	2.364586353302002
2.0	2.2515313625335693
2.0	2.4842727184295654
3.0	3.6149024963378906
2.0	1.9893887042999268
1.0	1.3835195302963257
2.0	2.394360065460205
2.0	2.2773287296295166
3.0	3.6760973930358887
2.0	2.5329995155334473
2.0	2.3166041374206543
2.0	2.230177164077759
3.0	3.786841869354248
3.0	3.6202056407928467
1.0	1.6514616012573242
1.0	1.6283934116363525
2.0	2.3667404651641846
1.0	1.5416587591171265
2.0	2.432570219039917
3.0	3.665898323059082
2.0	2.1321167945861816
1.0	1.1877788305282593
0.0	0.8651250600814819
2.0	2.430988311767578
2.0	2.8795909881591797
3.0	3.9893906116485596
2.0	2.6121809482574463
4.0	4.717219829559326
2.0	2.539206027984619
1.0	1.9518777132034302
2.0	2.340182065963745
3.0	4.0049967765808105
3.0	3.467862129211426
4.0	4.723288059234619
2.0	2.8726325035095215
3.0	3.745225667953491
1.0	1.5983806848526
1.0	2.038447380065918
2.0	2.65216326713562
2.0	2.430358409881592
3.0	3.6770360469818115
4.0	4.751908779144287
3.0	3.69366717338562
3.0	3.7263801097869873
3.0	3.657660484313965
2.0	2.502624273300171
3.0	3.8858494758605957
1.0	1.7172924280166626
4.0	4.837802410125732
4.0	4.718952655792236
4.0	4.75093936920166
3.0	3.7668631076812744
3.0	3.755208969116211
4.0	4.744093418121338
3.0	3.6625211238861084
3.0	4.0769429206848145
2.0	2.6490166187286377
2.0	2.6312432289123535
3.0	3.6815311908721924
4.0	4.6853132247924805
2.0	2.720562696456909
3.0	3.713731050491333
4.0	5.050080299377441
3.0	3.6940176486968994
4.0	4.682213306427002
2.0	2.857048511505127
3.0	3.6691582202911377
3.0	3.5405213832855225
3.0	3.5364651679992676
4.0	4.7419538497924805
3.0	3.7192413806915283
3.0	3.6698544025421143
3.0	3.5643258094787598
3.0	3.875479221343994
2.0	2.7812249660491943
3.0	3.8447248935699463
2.0	2.8280200958251953
2.0	2.6865506172180176
2.0	2.4962105751037598
3.0	3.8339972496032715
1.0	1.527992606163025
1.0	1.7212527990341187
4.0	4.71930456161499
5.0	5.415850639343262
4.0	4.837372779846191
3.0	4.04815149307251
3.0	3.6667675971984863
3.0	3.584153413772583
3.0	3.5245134830474854
3.0	3.843820095062256
4.0	4.914247989654541
3.0	3.7811410427093506
3.0	3.6620545387268066
3.0	3.645634174346924
1.0	2.047401189804077
2.0	2.329637050628662
3.0	3.5059521198272705
3.0	3.8565051555633545
2.0	2.2987945079803467
1.0	1.3086925745010376
2.0	2.6235368251800537
1.0	1.7297593355178833
3.0	3.4457404613494873
3.0	3.657621383666992
3.0	3.6118557453155518
2.0	2.673062562942505
4.0	4.89268159866333
4.0	4.628570079803467
1.0	1.476394534111023
3.0	3.753355026245117
3.0	3.552088499069214
3.0	3.46570086479187
3.0	3.774466037750244
3.0	3.627981424331665
0.0	0.619257926940918
4.0	4.528237819671631
3.0	4.037007808685303
5.0	5.368241786956787
4.0	4.834778785705566
3.0	3.668464422225952
3.0	3.6343741416931152
3.0	3.6210877895355225
4.0	4.708807468414307
3.0	3.3825976848602295
3.0	3.671849012374878
2.0	2.2087042331695557
3.0	3.726742744445801
2.0	2.605837821960449
3.0	3.80314564704895
4.0	4.7885894775390625
4.0	4.928987503051758
3.0	3.506394624710083
4.0	4.469432353973389
4.0	4.88541316986084
3.0	3.9466426372528076
3.0	4.3634443283081055
2.0	2.2189483642578125
2.0	2.3968677520751953
3.0	3.6704423427581787
1.0	1.183080792427063
3.0	3.8216564655303955
4.0	4.915544509887695
