label	pred
4.0	3.4364302158355713
5.0	5.083603382110596
5.0	5.282961845397949
4.0	4.141659736633301
3.0	3.8597073554992676
3.0	2.8972790241241455
1.0	1.95269775390625
3.0	3.7339956760406494
3.0	3.5452005863189697
2.0	3.287569522857666
3.0	3.9411838054656982
3.0	3.6299545764923096
4.0	4.730106830596924
2.0	2.342837333679199
1.0	2.7157599925994873
4.0	4.283248424530029
3.0	3.6908397674560547
4.0	4.1258745193481445
3.0	3.909336566925049
2.0	2.756247043609619
1.0	2.9077956676483154
3.0	3.7661349773406982
2.0	3.2757270336151123
3.0	3.290306568145752
3.0	3.2180962562561035
3.0	3.321366548538208
3.0	2.9808051586151123
3.0	3.5874643325805664
3.0	2.8260321617126465
4.0	4.46960973739624
4.0	3.8946080207824707
3.0	3.2858779430389404
2.0	2.898815393447876
3.0	3.4352781772613525
3.0	3.664466381072998
3.0	3.522529363632202
0.0	0.5442498922348022
4.0	4.1957573890686035
3.0	3.579331398010254
4.0	3.1878933906555176
4.0	4.533718109130859
4.0	4.54046630859375
4.0	4.312972545623779
4.0	3.5573995113372803
4.0	4.2139997482299805
4.0	4.1044816970825195
1.0	1.7832181453704834
3.0	3.470245838165283
2.0	2.481067657470703
3.0	2.8640055656433105
3.0	3.049604654312134
4.0	4.376570701599121
3.0	3.0711615085601807
3.0	3.704761266708374
3.0	3.242278814315796
3.0	3.330864191055298
2.0	3.0186400413513184
2.0	2.8026697635650635
3.0	3.5969040393829346
3.0	3.6127331256866455
2.0	2.467590093612671
3.0	3.4984216690063477
4.0	3.8677916526794434
3.0	3.52207612991333
1.0	1.5743154287338257
3.0	3.8971805572509766
3.0	3.641214370727539
3.0	3.4769034385681152
3.0	3.8314528465270996
3.0	3.628507137298584
3.0	3.4541358947753906
3.0	3.5954267978668213
3.0	3.260331392288208
3.0	3.2325053215026855
3.0	2.8859610557556152
4.0	4.505796432495117
3.0	3.7989141941070557
3.0	3.235983371734619
3.0	3.7359402179718018
4.0	4.620202541351318
4.0	4.446369647979736
4.0	4.392433166503906
2.0	2.1776106357574463
3.0	3.411986827850342
3.0	3.616673231124878
4.0	4.471146583557129
2.0	3.1473259925842285
3.0	3.3854105472564697
3.0	3.133457660675049
1.0	1.4148027896881104
4.0	4.04875373840332
1.0	1.8052940368652344
3.0	3.6333253383636475
3.0	3.7587645053863525
3.0	2.918717861175537
2.0	3.5175232887268066
4.0	4.271361351013184
3.0	2.560065984725952
3.0	3.224400043487549
3.0	3.1335411071777344
3.0	3.2766826152801514
3.0	3.630913734436035
3.0	3.3198184967041016
3.0	3.805809736251831
3.0	2.7271618843078613
4.0	4.375311851501465
3.0	3.284075975418091
2.0	2.476106882095337
3.0	3.311400890350342
4.0	4.318019390106201
4.0	3.938004493713379
4.0	3.7538645267486572
4.0	3.7910008430480957
3.0	3.7144124507904053
4.0	3.855950117111206
4.0	3.400146484375
4.0	4.110744953155518
4.0	3.40585994720459
3.0	3.3634724617004395
4.0	4.705450057983398
4.0	4.188283443450928
4.0	3.688551187515259
4.0	4.184194087982178
4.0	4.346063137054443
5.0	4.933889389038086
5.0	4.7607035636901855
3.0	3.24579119682312
4.0	3.775374412536621
4.0	4.171065330505371
1.0	1.7095856666564941
3.0	3.1133317947387695
4.0	4.537473678588867
2.0	2.627490520477295
3.0	3.2806177139282227
3.0	3.4962313175201416
4.0	4.018133640289307
3.0	3.016819715499878
2.0	1.8240381479263306
3.0	2.9982011318206787
3.0	3.295823812484741
3.0	3.3631742000579834
4.0	4.426539897918701
0.0	0.502076268196106
2.0	2.674961805343628
4.0	4.0506110191345215
3.0	3.1762309074401855
4.0	4.054876804351807
3.0	3.1775014400482178
3.0	3.030811309814453
4.0	4.12127685546875
4.0	3.557727098464966
3.0	3.242885112762451
3.0	3.039851188659668
4.0	3.7555863857269287
1.0	1.0963072776794434
3.0	2.831049919128418
4.0	3.8129632472991943
4.0	3.822547197341919
4.0	3.8991379737854004
5.0	4.608970642089844
3.0	3.4427027702331543
4.0	3.8933231830596924
1.0	1.0061631202697754
3.0	3.1167726516723633
3.0	2.6263294219970703
4.0	3.3257787227630615
3.0	3.1207118034362793
3.0	3.7882707118988037
3.0	3.2170968055725098
2.0	3.0297341346740723
4.0	4.180896282196045
3.0	3.2509965896606445
1.0	1.4616649150848389
4.0	4.28175163269043
3.0	3.102389335632324
3.0	3.3491899967193604
4.0	3.8893089294433594
3.0	2.863828659057617
2.0	2.4407267570495605
3.0	2.996279001235962
2.0	2.580348491668701
2.0	2.496267318725586
3.0	3.4118144512176514
4.0	4.017900466918945
3.0	3.520386219024658
2.0	2.675354242324829
3.0	3.8106038570404053
2.0	2.7913029193878174
3.0	3.1897847652435303
2.0	2.5110292434692383
2.0	2.8428807258605957
2.0	3.1601104736328125
1.0	1.563220500946045
2.0	3.034296751022339
3.0	3.3771934509277344
4.0	4.191550254821777
3.0	3.180201292037964
2.0	2.9850668907165527
3.0	3.900209903717041
3.0	3.784935712814331
2.0	2.915597438812256
2.0	2.4873645305633545
3.0	3.2754745483398438
3.0	3.3449409008026123
1.0	1.383554220199585
3.0	3.571220636367798
3.0	3.422194480895996
2.0	2.3843488693237305
3.0	3.4564688205718994
3.0	3.649632692337036
2.0	2.218127489089966
3.0	3.7022554874420166
2.0	3.2568678855895996
2.0	3.3086748123168945
4.0	4.504589557647705
3.0	3.3951730728149414
4.0	4.313672065734863
3.0	3.2688043117523193
2.0	3.169095754623413
2.0	3.090245008468628
2.0	3.001347780227661
3.0	3.7691726684570312
2.0	3.3129961490631104
1.0	1.89923894405365
2.0	3.073596715927124
2.0	2.978179693222046
3.0	3.7838826179504395
2.0	3.023338794708252
2.0	2.391313076019287
2.0	3.3298001289367676
3.0	3.950596809387207
3.0	4.152004718780518
1.0	2.6689493656158447
1.0	2.7329983711242676
2.0	3.5862696170806885
1.0	2.7351667881011963
2.0	3.2093091011047363
3.0	3.5224690437316895
2.0	3.2264273166656494
1.0	1.4061343669891357
0.0	1.760317087173462
2.0	3.5495331287384033
2.0	2.9219183921813965
3.0	4.157129764556885
2.0	3.759718894958496
4.0	4.954841613769531
2.0	2.4243593215942383
1.0	2.170161724090576
2.0	3.5166029930114746
3.0	4.001309394836426
3.0	3.256995677947998
4.0	5.060420513153076
2.0	3.2725980281829834
3.0	4.05308198928833
1.0	2.508157253265381
1.0	2.2793638706207275
2.0	3.6882412433624268
2.0	2.99255633354187
3.0	3.2980172634124756
4.0	4.461924076080322
3.0	3.1049838066101074
3.0	3.6008663177490234
3.0	3.5719053745269775
2.0	2.8955111503601074
3.0	3.1234493255615234
1.0	2.0199363231658936
4.0	3.8092763423919678
4.0	4.532901287078857
4.0	4.843779563903809
3.0	3.791959524154663
3.0	3.884103298187256
4.0	3.9082305431365967
3.0	3.513258457183838
3.0	3.453705072402954
2.0	3.2815539836883545
2.0	2.9508559703826904
3.0	3.351618766784668
4.0	4.674380302429199
2.0	3.1360278129577637
3.0	4.054812908172607
4.0	4.881448745727539
3.0	3.241973400115967
4.0	4.551778793334961
2.0	2.9034242630004883
3.0	3.5494894981384277
3.0	3.4050891399383545
3.0	3.6089110374450684
4.0	4.560806751251221
3.0	3.4416651725769043
3.0	3.411271095275879
3.0	3.40213680267334
3.0	3.6084046363830566
2.0	2.681731939315796
3.0	3.6236538887023926
2.0	2.719355344772339
2.0	3.101341485977173
2.0	2.6863601207733154
3.0	3.9357125759124756
1.0	2.1261088848114014
1.0	2.1862809658050537
4.0	4.074619293212891
5.0	4.841171741485596
4.0	4.302219390869141
3.0	3.900470495223999
3.0	2.9260823726654053
3.0	3.124746799468994
3.0	3.380460262298584
3.0	3.511425733566284
4.0	4.451807975769043
3.0	3.3079171180725098
3.0	3.2382125854492188
3.0	3.268462657928467
1.0	2.395817279815674
2.0	2.1444478034973145
3.0	3.6259119510650635
3.0	4.014824867248535
2.0	3.261291265487671
1.0	2.041201114654541
2.0	2.982137680053711
1.0	1.7212121486663818
3.0	3.411625385284424
3.0	3.402754545211792
3.0	3.275407075881958
2.0	2.3189899921417236
4.0	4.190812587738037
4.0	4.409553527832031
1.0	2.0349159240722656
3.0	3.6916584968566895
3.0	3.323120355606079
3.0	3.3628740310668945
3.0	3.4631688594818115
3.0	2.9716622829437256
0.0	1.5143325328826904
4.0	4.129794597625732
3.0	3.248250722885132
5.0	4.656100749969482
4.0	4.561544418334961
3.0	3.351353883743286
3.0	3.4958958625793457
3.0	3.308501720428467
4.0	3.892266273498535
3.0	3.200392961502075
3.0	3.8926072120666504
2.0	2.9569549560546875
3.0	3.6169674396514893
2.0	2.8263497352600098
3.0	3.5866355895996094
4.0	4.2699480056762695
4.0	4.156380653381348
3.0	3.2585816383361816
4.0	3.868267059326172
4.0	4.133970260620117
3.0	3.946186065673828
3.0	3.580904483795166
2.0	2.7612454891204834
2.0	2.8702027797698975
3.0	3.0788378715515137
1.0	1.6810837984085083
3.0	3.306509494781494
4.0	4.211690425872803
