label	pred
4.0	4.561861991882324
5.0	5.656825542449951
5.0	5.494709491729736
4.0	5.097431659698486
3.0	3.9303386211395264
3.0	3.3805043697357178
1.0	1.390936017036438
3.0	4.317146301269531
3.0	3.8908586502075195
2.0	3.109764337539673
3.0	3.82255482673645
3.0	3.98893404006958
4.0	4.7116289138793945
2.0	2.3912692070007324
1.0	1.7682231664657593
4.0	4.541895389556885
3.0	3.7890989780426025
4.0	4.45018196105957
3.0	4.29774808883667
2.0	2.980635166168213
1.0	2.1604745388031006
3.0	3.947439193725586
2.0	3.4838290214538574
3.0	3.930609941482544
3.0	3.8901607990264893
3.0	3.3054351806640625
3.0	3.4519472122192383
3.0	3.7764663696289062
3.0	3.3106791973114014
4.0	4.761912822723389
4.0	4.368978023529053
3.0	3.784990072250366
2.0	2.4283089637756348
3.0	4.285957336425781
3.0	3.544506072998047
3.0	3.518505334854126
0.0	0.8222199082374573
4.0	4.553882122039795
3.0	3.929046392440796
4.0	4.217293739318848
4.0	4.472265243530273
4.0	4.3944525718688965
4.0	4.4871649742126465
4.0	4.21562385559082
4.0	4.614315986633301
4.0	4.4647345542907715
1.0	1.3690557479858398
3.0	3.7561612129211426
2.0	2.550442934036255
3.0	3.0898025035858154
3.0	3.164166212081909
4.0	4.454372882843018
3.0	2.994420051574707
3.0	3.699716567993164
3.0	3.2906830310821533
3.0	3.335942029953003
2.0	2.6143882274627686
2.0	2.508474826812744
3.0	3.6132121086120605
3.0	3.716796875
2.0	3.31181001663208
3.0	4.024240016937256
4.0	4.653862953186035
3.0	3.7498977184295654
1.0	1.691126823425293
3.0	3.7981905937194824
3.0	3.7173104286193848
3.0	3.2782111167907715
3.0	3.7364110946655273
3.0	3.4165589809417725
3.0	3.3663439750671387
3.0	3.3505032062530518
3.0	3.2943673133850098
3.0	3.4656496047973633
3.0	2.888967990875244
4.0	4.106427192687988
3.0	3.534104585647583
3.0	3.5754940509796143
3.0	3.4862613677978516
4.0	4.470902919769287
4.0	4.3985915184021
4.0	4.436158180236816
2.0	1.8305974006652832
3.0	3.1248679161071777
3.0	3.509059190750122
4.0	3.8445181846618652
2.0	2.525587320327759
3.0	3.2555487155914307
3.0	2.928478240966797
1.0	1.0944604873657227
4.0	3.810234785079956
1.0	0.9994202256202698
3.0	3.497208833694458
3.0	3.5338985919952393
3.0	2.871750831604004
2.0	2.462582588195801
4.0	3.8868892192840576
3.0	2.800992012023926
3.0	3.1482577323913574
3.0	3.2800822257995605
3.0	3.392657518386841
3.0	3.175903797149658
3.0	3.1215882301330566
3.0	3.275862693786621
3.0	2.995737314224243
4.0	4.148612022399902
3.0	3.325676679611206
2.0	1.690669298171997
3.0	3.0011038780212402
4.0	4.149448394775391
4.0	4.122941493988037
4.0	3.9241421222686768
4.0	4.057693004608154
3.0	3.617119550704956
4.0	4.1270246505737305
4.0	3.5583713054656982
4.0	4.126707553863525
4.0	3.7052247524261475
3.0	3.696019172668457
4.0	3.6916091442108154
4.0	4.2849321365356445
4.0	4.197757720947266
4.0	4.225292205810547
4.0	4.370810508728027
5.0	4.863424301147461
5.0	4.460792541503906
3.0	3.3343188762664795
4.0	4.14874267578125
4.0	4.359199047088623
1.0	0.9720628261566162
3.0	3.269226551055908
4.0	4.34759521484375
2.0	2.611109972000122
3.0	3.2047157287597656
3.0	3.3106002807617188
4.0	4.138546466827393
3.0	3.1959965229034424
2.0	1.817563533782959
3.0	3.1772985458374023
3.0	2.6005239486694336
3.0	3.2663114070892334
4.0	4.24650239944458
0.0	0.18196308612823486
2.0	2.5787317752838135
4.0	4.00177001953125
3.0	3.106449842453003
4.0	4.270028591156006
3.0	3.2458765506744385
3.0	3.43476939201355
4.0	4.116459369659424
4.0	4.071968078613281
3.0	3.249011278152466
3.0	3.4518840312957764
4.0	4.048681259155273
1.0	0.7575758099555969
3.0	3.027676582336426
4.0	4.019414901733398
4.0	4.265539169311523
4.0	4.077291011810303
5.0	4.466752529144287
3.0	3.2019433975219727
4.0	4.311669826507568
1.0	0.8064314723014832
3.0	3.5618081092834473
3.0	2.9428489208221436
4.0	3.7440555095672607
3.0	3.562293291091919
3.0	3.2846155166625977
3.0	3.4237656593322754
2.0	2.0651304721832275
4.0	4.097991943359375
3.0	3.450721502304077
1.0	0.9174049496650696
4.0	3.9883127212524414
3.0	3.3141534328460693
3.0	2.78279447555542
4.0	4.360206127166748
3.0	3.1017978191375732
2.0	2.0233097076416016
3.0	2.9002182483673096
2.0	2.3597402572631836
2.0	2.290116310119629
3.0	2.8944149017333984
4.0	4.090277194976807
3.0	3.3435797691345215
2.0	1.9745054244995117
3.0	3.298489809036255
2.0	2.7006888389587402
3.0	3.2269363403320312
2.0	2.5746679306030273
2.0	2.0180141925811768
2.0	2.6348090171813965
1.0	0.9650609493255615
2.0	2.847949266433716
3.0	3.755484104156494
4.0	4.139165878295898
3.0	3.472212553024292
2.0	2.6519148349761963
3.0	3.4786150455474854
3.0	4.122183322906494
2.0	2.424319267272949
2.0	2.095663070678711
3.0	3.4816346168518066
3.0	3.3722472190856934
1.0	0.6859375238418579
3.0	3.427004337310791
3.0	3.2140090465545654
2.0	2.143381357192993
3.0	3.6470630168914795
3.0	3.335002899169922
2.0	2.115452289581299
3.0	3.3202414512634277
2.0	2.7896323204040527
2.0	2.7502214908599854
4.0	4.353862762451172
3.0	3.8079307079315186
4.0	4.540202617645264
3.0	3.3284530639648438
2.0	2.0739023685455322
2.0	2.231370210647583
2.0	2.176543951034546
3.0	3.502300262451172
2.0	2.346389055252075
1.0	1.0379278659820557
2.0	3.0414767265319824
2.0	2.54116153717041
3.0	3.429352283477783
2.0	2.765437364578247
2.0	2.232930898666382
2.0	2.3722190856933594
3.0	3.595188617706299
3.0	3.5232908725738525
1.0	1.774732232093811
1.0	1.8395369052886963
2.0	2.878024101257324
1.0	1.6506377458572388
2.0	2.463900566101074
3.0	3.723205089569092
2.0	2.2753546237945557
1.0	1.0567551851272583
0.0	0.6087239980697632
2.0	2.684441328048706
2.0	2.506850481033325
3.0	3.5028927326202393
2.0	2.887657403945923
4.0	4.583390235900879
2.0	2.6642348766326904
1.0	1.4475295543670654
2.0	3.2157740592956543
3.0	3.6298091411590576
3.0	3.434985399246216
4.0	4.477377414703369
2.0	2.750093698501587
3.0	3.81392765045166
1.0	1.7854424715042114
1.0	1.8281890153884888
2.0	3.250142812728882
2.0	2.645012378692627
3.0	3.51707124710083
4.0	4.185657501220703
3.0	3.654938220977783
3.0	3.7235898971557617
3.0	3.533220052719116
2.0	2.4094738960266113
3.0	3.541918992996216
1.0	1.1360962390899658
4.0	4.214662551879883
4.0	4.587496757507324
4.0	4.592613697052002
3.0	3.5491714477539062
3.0	3.4288456439971924
4.0	4.027790546417236
3.0	3.7790048122406006
3.0	3.597196578979492
2.0	3.1992149353027344
2.0	2.563977003097534
3.0	3.5877420902252197
4.0	4.546053409576416
2.0	2.5759215354919434
3.0	3.6972219944000244
4.0	4.570851802825928
3.0	3.7126224040985107
4.0	4.561791896820068
2.0	2.5973012447357178
3.0	3.6737492084503174
3.0	3.35949969291687
3.0	3.3609671592712402
4.0	4.320113658905029
3.0	3.440629720687866
3.0	3.597240447998047
3.0	3.5711874961853027
3.0	3.5385043621063232
2.0	2.3222463130950928
3.0	3.776327610015869
2.0	2.7574589252471924
2.0	2.7244300842285156
2.0	2.4338254928588867
3.0	3.914928913116455
1.0	1.7463717460632324
1.0	1.7141581773757935
4.0	4.430727481842041
5.0	5.300297737121582
4.0	4.384068965911865
3.0	3.930340528488159
3.0	3.103137731552124
3.0	3.820390224456787
3.0	3.5255515575408936
3.0	3.4910216331481934
4.0	4.641128063201904
3.0	3.446362257003784
3.0	3.8442699909210205
3.0	3.8527917861938477
1.0	2.40952205657959
2.0	2.0819034576416016
3.0	3.7690131664276123
3.0	3.8648364543914795
2.0	3.2336373329162598
1.0	1.5311033725738525
2.0	2.4925928115844727
1.0	1.8753681182861328
3.0	3.503282070159912
3.0	3.492727279663086
3.0	3.8398513793945312
2.0	2.308393955230713
4.0	4.400607109069824
4.0	4.445638179779053
1.0	1.6837455034255981
3.0	3.6001477241516113
3.0	3.4714653491973877
3.0	3.68453311920166
3.0	3.4288129806518555
3.0	3.4365663528442383
0.0	0.37428367137908936
4.0	4.57881498336792
3.0	3.076136589050293
5.0	5.001807689666748
4.0	4.333395481109619
3.0	4.07292366027832
3.0	3.6402621269226074
3.0	3.9265658855438232
4.0	4.457107067108154
3.0	3.1375226974487305
3.0	2.9733335971832275
2.0	2.485917329788208
3.0	3.73525333404541
2.0	2.2128260135650635
3.0	3.696913003921509
4.0	4.367159366607666
4.0	4.48173713684082
3.0	3.692962169647217
4.0	4.27354621887207
4.0	4.676289081573486
3.0	3.473863363265991
3.0	3.8060247898101807
2.0	2.4517202377319336
2.0	2.4525251388549805
3.0	3.193206548690796
1.0	1.2660188674926758
3.0	3.8220162391662598
4.0	4.377483367919922
