label	pred
4.0	4.57579231262207
5.0	5.279697418212891
5.0	5.190850257873535
4.0	4.865884304046631
3.0	3.854653835296631
3.0	3.974184989929199
1.0	1.7534655332565308
3.0	4.588001728057861
3.0	4.424699306488037
2.0	3.340503215789795
3.0	4.129557132720947
3.0	4.244631290435791
4.0	4.178709030151367
2.0	3.1227970123291016
1.0	1.9619992971420288
4.0	4.733053207397461
3.0	4.053193092346191
4.0	4.236059188842773
3.0	3.9720399379730225
2.0	3.0848195552825928
1.0	3.1038126945495605
3.0	4.066728115081787
2.0	3.769073724746704
3.0	3.9215493202209473
3.0	3.8614306449890137
3.0	3.960340976715088
3.0	4.06561803817749
3.0	3.8863086700439453
3.0	3.974781036376953
4.0	4.501704692840576
4.0	4.61641263961792
3.0	4.021917343139648
2.0	2.9788050651550293
3.0	4.094726085662842
3.0	3.778795003890991
3.0	3.9239861965179443
0.0	1.3059277534484863
4.0	4.697656631469727
3.0	3.929922103881836
4.0	4.545169353485107
4.0	4.470616817474365
4.0	4.620537281036377
4.0	4.402421474456787
4.0	4.54197883605957
4.0	4.778009414672852
4.0	4.534912586212158
1.0	1.6464836597442627
3.0	3.882596969604492
2.0	2.4797706604003906
3.0	3.5376057624816895
3.0	3.4635732173919678
4.0	4.47808837890625
3.0	3.447938919067383
3.0	3.568653106689453
3.0	3.129383087158203
3.0	3.704752206802368
2.0	3.0609889030456543
2.0	2.4741435050964355
3.0	4.145259857177734
3.0	3.622835397720337
2.0	3.535402774810791
3.0	3.746756076812744
4.0	4.389791488647461
3.0	3.5767507553100586
1.0	1.4675259590148926
3.0	3.656005859375
3.0	3.5838301181793213
3.0	3.451399326324463
3.0	3.6787302494049072
3.0	3.6283271312713623
3.0	3.634329319000244
3.0	3.4330644607543945
3.0	3.4755711555480957
3.0	3.7359519004821777
3.0	3.422206401824951
4.0	4.470285415649414
3.0	3.5691776275634766
3.0	3.450129508972168
3.0	3.499394416809082
4.0	3.6745738983154297
4.0	4.477606296539307
4.0	4.482139587402344
2.0	2.44763445854187
3.0	3.1656317710876465
3.0	3.6995325088500977
4.0	3.958261013031006
2.0	2.297081232070923
3.0	3.1212210655212402
3.0	3.478217124938965
1.0	1.4054917097091675
4.0	4.398510932922363
1.0	1.4213224649429321
3.0	3.624444007873535
3.0	3.484926700592041
3.0	2.859402656555176
2.0	2.706618309020996
4.0	4.413021564483643
3.0	3.3860952854156494
3.0	3.1924822330474854
3.0	2.9323222637176514
3.0	3.4105753898620605
3.0	3.3375484943389893
3.0	3.0838866233825684
3.0	4.06815242767334
3.0	2.964262008666992
4.0	3.9469480514526367
3.0	3.057353973388672
2.0	2.1619873046875
3.0	3.6472859382629395
4.0	4.211303234100342
4.0	4.252416133880615
4.0	4.190019607543945
4.0	4.350734233856201
3.0	3.581993818283081
4.0	4.6468281745910645
4.0	4.143744945526123
4.0	4.381401062011719
4.0	3.967557907104492
3.0	3.9006078243255615
4.0	4.4047746658325195
4.0	4.455086708068848
4.0	4.6666388511657715
4.0	4.210176944732666
4.0	3.904510498046875
5.0	4.240319728851318
5.0	5.022494792938232
3.0	3.2515869140625
4.0	4.329005718231201
4.0	4.384777545928955
1.0	0.9594458937644958
3.0	2.996385335922241
4.0	4.116398334503174
2.0	2.263934373855591
3.0	2.8422532081604004
3.0	3.3438310623168945
4.0	4.312473773956299
3.0	3.328092575073242
2.0	2.0263004302978516
3.0	3.053192377090454
3.0	3.1757335662841797
3.0	3.472712516784668
4.0	3.8344545364379883
0.0	0.7710561156272888
2.0	1.9104148149490356
4.0	3.895181179046631
3.0	3.571387767791748
4.0	4.290614128112793
3.0	3.354452133178711
3.0	3.4746696949005127
4.0	4.205467700958252
4.0	3.879074811935425
3.0	3.1147897243499756
3.0	3.2984204292297363
4.0	4.325353145599365
1.0	0.9527313709259033
3.0	2.9481704235076904
4.0	4.142853736877441
4.0	4.112390995025635
4.0	4.34183406829834
5.0	5.003148078918457
3.0	3.527191162109375
4.0	4.307371616363525
1.0	1.0232497453689575
3.0	3.3196966648101807
3.0	2.6093437671661377
4.0	3.9228930473327637
3.0	3.631232261657715
3.0	3.612454891204834
3.0	3.6681089401245117
2.0	2.269127130508423
4.0	4.262939453125
3.0	3.2229671478271484
1.0	0.6720018982887268
4.0	4.36693811416626
3.0	3.02117919921875
3.0	3.329320192337036
4.0	4.560668468475342
3.0	2.881375551223755
2.0	1.9848090410232544
3.0	3.351273536682129
2.0	1.9888118505477905
2.0	2.3944296836853027
3.0	3.7803096771240234
4.0	4.342372417449951
3.0	3.6714916229248047
2.0	2.9659767150878906
3.0	3.3768136501312256
2.0	2.5880746841430664
3.0	2.9044384956359863
2.0	2.8119635581970215
2.0	2.0436019897460938
2.0	2.832998752593994
1.0	1.1459873914718628
2.0	2.7682716846466064
3.0	3.910926342010498
4.0	4.6354265213012695
3.0	3.4766321182250977
2.0	2.2849268913269043
3.0	3.5624423027038574
3.0	3.567948818206787
2.0	2.391798734664917
2.0	2.4285247325897217
3.0	3.6414191722869873
3.0	3.553966760635376
1.0	1.2765849828720093
3.0	3.627052068710327
3.0	3.505333423614502
2.0	2.9507994651794434
3.0	2.8370845317840576
3.0	3.4291017055511475
2.0	2.1091954708099365
3.0	3.6352314949035645
2.0	2.7911882400512695
2.0	2.5866219997406006
4.0	4.070312976837158
3.0	3.8071038722991943
4.0	4.701486587524414
3.0	3.304875373840332
2.0	2.5323879718780518
2.0	2.246868848800659
2.0	2.6448276042938232
3.0	3.7001101970672607
2.0	2.0950334072113037
1.0	1.5313974618911743
2.0	2.5547637939453125
2.0	2.6117520332336426
3.0	3.5853209495544434
2.0	2.4449756145477295
2.0	2.323941469192505
2.0	2.396261215209961
3.0	3.8257484436035156
3.0	3.6267566680908203
1.0	2.48759388923645
1.0	2.1958508491516113
2.0	2.9258408546447754
1.0	1.728001594543457
2.0	2.656338930130005
3.0	3.849199056625366
2.0	2.3068885803222656
1.0	1.7733591794967651
0.0	1.47498619556427
2.0	2.538099527359009
2.0	3.01259446144104
3.0	3.9818763732910156
2.0	3.3074209690093994
4.0	4.69390344619751
2.0	2.7306623458862305
1.0	1.9348193407058716
2.0	3.0156540870666504
3.0	4.29393196105957
3.0	3.3691937923431396
4.0	4.595877647399902
2.0	3.361661672592163
3.0	3.769629955291748
1.0	1.6288065910339355
1.0	2.2235567569732666
2.0	3.2415802478790283
2.0	2.2934048175811768
3.0	2.9839706420898438
4.0	4.664542198181152
3.0	3.622004270553589
3.0	3.762727737426758
3.0	3.6724917888641357
2.0	2.9937610626220703
3.0	4.125892162322998
1.0	1.7476469278335571
4.0	4.420197486877441
4.0	4.568380832672119
4.0	4.496737957000732
3.0	3.696986675262451
3.0	3.8679487705230713
4.0	4.821998119354248
3.0	3.5601062774658203
3.0	4.056527614593506
2.0	3.538832664489746
2.0	2.5685195922851562
3.0	3.8264951705932617
4.0	4.397871494293213
2.0	2.9861159324645996
3.0	3.780130624771118
4.0	4.89471960067749
3.0	3.7106845378875732
4.0	4.207370281219482
2.0	2.7293202877044678
3.0	3.95760440826416
3.0	3.2189173698425293
3.0	3.7034807205200195
4.0	4.727839469909668
3.0	3.821096420288086
3.0	3.670254945755005
3.0	3.768592357635498
3.0	3.6668965816497803
2.0	2.681154251098633
3.0	4.3082098960876465
2.0	3.0631589889526367
2.0	2.6357860565185547
2.0	2.4480342864990234
3.0	3.8991475105285645
1.0	1.9763966798782349
1.0	1.6592602729797363
4.0	4.1216654777526855
5.0	5.107431888580322
4.0	4.775903701782227
3.0	4.132569313049316
3.0	3.684741497039795
3.0	3.8818106651306152
3.0	3.556493043899536
3.0	3.9178977012634277
4.0	4.814398288726807
3.0	3.7226452827453613
3.0	3.606034517288208
3.0	3.681468963623047
1.0	2.55794620513916
2.0	2.3267455101013184
3.0	3.781611442565918
3.0	3.7104287147521973
2.0	3.024299383163452
1.0	1.467574119567871
2.0	2.5394840240478516
1.0	1.8333163261413574
3.0	3.541909694671631
3.0	3.555715799331665
3.0	3.788295269012451
2.0	2.4179043769836426
4.0	4.810769557952881
4.0	4.536452293395996
1.0	1.4973983764648438
3.0	3.757150650024414
3.0	3.6939034461975098
3.0	3.6069021224975586
3.0	3.859800338745117
3.0	3.477938175201416
0.0	0.5643601417541504
4.0	4.251168727874756
3.0	3.787449836730957
5.0	5.024289131164551
4.0	4.818074703216553
3.0	3.741729736328125
3.0	3.5577168464660645
3.0	3.7343623638153076
4.0	4.6029791831970215
3.0	3.0631649494171143
3.0	3.6470284461975098
2.0	2.3528385162353516
3.0	3.938170909881592
2.0	2.5243935585021973
3.0	3.858295440673828
4.0	4.521158695220947
4.0	4.67058801651001
3.0	3.527466058731079
4.0	4.288473606109619
4.0	4.664821147918701
3.0	4.033746719360352
3.0	4.6580491065979
2.0	2.49849796295166
2.0	2.5932393074035645
3.0	3.741607666015625
1.0	1.293531060218811
3.0	3.986797332763672
4.0	4.0124053955078125
