label	pred
4.0	3.9531519412994385
1.0	1.7455496788024902
4.0	3.40341854095459
3.0	3.499451160430908
3.0	3.6171369552612305
3.0	3.0189826488494873
2.0	2.8035757541656494
2.0	2.604220151901245
2.0	3.2876410484313965
2.0	3.3150691986083984
3.0	3.5138754844665527
2.0	3.4089548587799072
3.0	3.2417311668395996
3.0	3.7098567485809326
3.0	3.5949506759643555
4.0	4.105147361755371
1.0	1.8729262351989746
3.0	3.571518898010254
3.0	3.0667595863342285
3.0	3.029449701309204
4.0	3.3707797527313232
3.0	3.2412455081939697
2.0	3.3064353466033936
3.0	3.841111660003662
4.0	4.20569372177124
4.0	3.747300624847412
2.0	2.783803939819336
1.0	2.4983882904052734
3.0	3.593230724334717
3.0	2.941511392593384
4.0	2.681674003601074
3.0	2.5003535747528076
3.0	3.596724271774292
1.0	2.684213876724243
3.0	3.1113133430480957
2.0	2.81624698638916
1.0	1.9360053539276123
4.0	3.857282876968384
4.0	4.287161827087402
3.0	4.002567768096924
3.0	3.3119590282440186
3.0	2.9826462268829346
4.0	4.080886363983154
1.0	1.8296014070510864
2.0	3.3940441608428955
3.0	3.182887554168701
3.0	3.317624807357788
1.0	2.993513822555542
3.0	3.8527770042419434
2.0	2.8470711708068848
4.0	4.127540588378906
3.0	3.722946882247925
3.0	3.47933030128479
4.0	4.266535758972168
3.0	3.0202033519744873
3.0	3.495405912399292
4.0	3.983428716659546
4.0	3.53884220123291
3.0	3.3153645992279053
3.0	3.767746925354004
3.0	3.461106300354004
2.0	2.5941567420959473
3.0	3.5642879009246826
3.0	3.8869338035583496
2.0	2.1062004566192627
4.0	4.3415985107421875
3.0	3.474086284637451
3.0	3.7642812728881836
2.0	2.314044713973999
3.0	3.6625728607177734
4.0	4.086169719696045
3.0	3.095402240753174
2.0	3.26737642288208
4.0	4.346822738647461
3.0	3.7678301334381104
2.0	2.735206127166748
3.0	3.2525455951690674
3.0	3.59934401512146
3.0	3.8652796745300293
2.0	3.25789737701416
3.0	3.274442434310913
2.0	2.6045053005218506
4.0	4.119562149047852
2.0	3.9055604934692383
2.0	3.1873435974121094
3.0	3.3671927452087402
4.0	4.104040145874023
1.0	1.7686820030212402
2.0	2.923469305038452
3.0	3.7626760005950928
3.0	3.507761001586914
2.0	2.58058500289917
2.0	2.9148175716400146
3.0	3.8975889682769775
2.0	2.6770975589752197
4.0	3.842241048812866
3.0	3.298025369644165
3.0	3.6220502853393555
4.0	3.4939732551574707
4.0	3.6255085468292236
4.0	3.837130546569824
3.0	3.1983261108398438
3.0	3.3116440773010254
2.0	2.54915714263916
3.0	3.532529830932617
4.0	2.978161334991455
2.0	2.3550190925598145
4.0	2.9061360359191895
3.0	3.427302122116089
3.0	3.3135998249053955
3.0	3.107279062271118
3.0	3.5390913486480713
2.0	2.7760136127471924
3.0	3.0138232707977295
3.0	4.348016738891602
3.0	2.8702542781829834
3.0	4.052799701690674
3.0	3.564720630645752
4.0	3.214914321899414
2.0	2.0227866172790527
3.0	3.406372547149658
4.0	4.070488929748535
2.0	2.976834774017334
3.0	3.1823275089263916
3.0	3.6498451232910156
1.0	1.5440397262573242
3.0	3.786304473876953
2.0	3.1966466903686523
4.0	3.7928006649017334
3.0	3.385859966278076
3.0	2.834442615509033
4.0	3.743875026702881
3.0	2.75874924659729
4.0	3.4402246475219727
3.0	3.44344425201416
3.0	2.97489070892334
2.0	3.2001214027404785
3.0	3.113799810409546
4.0	3.9744648933410645
3.0	3.0233426094055176
3.0	3.291919469833374
4.0	3.494823694229126
4.0	3.4048712253570557
4.0	2.8203372955322266
3.0	3.463355302810669
3.0	3.4124233722686768
2.0	3.313048839569092
2.0	2.1779580116271973
3.0	3.672421932220459
4.0	4.194890022277832
2.0	2.726422071456909
2.0	2.804814338684082
3.0	2.996417284011841
3.0	3.128680467605591
2.0	2.9672489166259766
3.0	3.1968870162963867
3.0	3.2190444469451904
4.0	3.1303293704986572
2.0	3.412039041519165
3.0	3.4890360832214355
3.0	3.1964316368103027
2.0	3.33782958984375
2.0	3.407442569732666
4.0	3.232898712158203
4.0	3.9554169178009033
3.0	3.990434169769287
3.0	3.2888026237487793
3.0	3.5897350311279297
3.0	2.729398727416992
3.0	2.9134230613708496
4.0	3.9510788917541504
3.0	3.701686382293701
3.0	3.549222230911255
3.0	3.513150691986084
2.0	3.5087945461273193
4.0	4.197035312652588
3.0	3.4875075817108154
4.0	3.9729983806610107
4.0	3.97491455078125
3.0	3.1653170585632324
2.0	3.679236650466919
1.0	1.2449159622192383
1.0	2.046149969100952
4.0	2.998659610748291
1.0	2.9289965629577637
1.0	1.5021376609802246
3.0	3.5941498279571533
3.0	3.4146296977996826
3.0	3.273963689804077
2.0	2.546705484390259
3.0	3.9076766967773438
1.0	3.2116153240203857
5.0	4.344717025756836
2.0	3.0093307495117188
4.0	4.221795082092285
2.0	4.081305503845215
3.0	3.4237117767333984
3.0	2.9866080284118652
3.0	3.5703396797180176
3.0	3.169451951980591
3.0	4.122631549835205
2.0	3.453666925430298
3.0	3.2831003665924072
3.0	3.4489753246307373
3.0	3.3186347484588623
0.0	1.1158018112182617
2.0	2.70473575592041
3.0	3.386859893798828
4.0	4.275908946990967
3.0	3.7415380477905273
3.0	3.522818088531494
3.0	4.312981605529785
3.0	3.7438085079193115
2.0	3.3267905712127686
4.0	3.4977896213531494
3.0	3.507171869277954
3.0	3.323291063308716
4.0	4.230362415313721
3.0	3.5418078899383545
3.0	3.922766923904419
4.0	4.012048244476318
4.0	3.5785655975341797
4.0	4.081302642822266
0.0	3.3869528770446777
3.0	3.538848876953125
4.0	3.920685052871704
4.0	3.5179214477539062
4.0	3.4701778888702393
3.0	3.2322733402252197
2.0	3.17799711227417
3.0	3.531874179840088
3.0	3.0214757919311523
3.0	4.023298263549805
2.0	3.2549867630004883
4.0	4.34686803817749
2.0	3.2266266345977783
3.0	4.11699914932251
3.0	3.625016450881958
2.0	3.056992769241333
3.0	3.7771482467651367
2.0	4.212870121002197
3.0	3.53552508354187
3.0	3.3464975357055664
3.0	3.161201000213623
2.0	4.121334552764893
2.0	3.423687696456909
3.0	4.155704021453857
2.0	3.988077163696289
3.0	3.403064727783203
3.0	3.730715751647949
2.0	2.9664015769958496
3.0	3.4466774463653564
1.0	3.021179437637329
4.0	4.153414726257324
2.0	2.574674129486084
3.0	3.3897812366485596
3.0	3.746715784072876
3.0	3.8661820888519287
2.0	3.2526965141296387
1.0	2.2098283767700195
3.0	3.746161699295044
2.0	3.9308619499206543
3.0	3.5260870456695557
3.0	3.3697545528411865
3.0	4.02820348739624
3.0	3.4439139366149902
1.0	2.994962453842163
3.0	3.5660057067871094
1.0	2.8248116970062256
2.0	2.935878038406372
3.0	4.411851406097412
3.0	3.6465766429901123
3.0	4.091233253479004
3.0	3.0653114318847656
2.0	3.35383939743042
2.0	2.8380844593048096
1.0	1.3366122245788574
1.0	3.329130172729492
1.0	3.3484654426574707
3.0	3.86792254447937
3.0	4.242736339569092
3.0	3.0419857501983643
2.0	3.4506466388702393
2.0	3.553619384765625
3.0	3.6335031986236572
3.0	3.584918260574341
3.0	3.639596939086914
1.0	2.3892393112182617
3.0	3.9143290519714355
3.0	3.0514955520629883
3.0	4.011669158935547
2.0	3.399054765701294
2.0	3.5550150871276855
3.0	4.525825500488281
3.0	3.4591453075408936
3.0	3.078794479370117
3.0	3.6210498809814453
3.0	3.1803009510040283
1.0	3.2306313514709473
1.0	2.80256986618042
2.0	2.951983690261841
2.0	3.4820313453674316
2.0	3.495400905609131
3.0	3.880573034286499
4.0	4.0136799812316895
2.0	2.9925026893615723
1.0	2.388432741165161
3.0	3.813504934310913
2.0	3.4642069339752197
2.0	3.1567373275756836
1.0	1.4271873235702515
0.0	0.8272733092308044
3.0	3.7230513095855713
2.0	3.2982890605926514
2.0	2.8578925132751465
3.0	3.7327520847320557
3.0	4.377072811126709
4.0	4.508764266967773
2.0	3.474222421646118
3.0	3.7244443893432617
4.0	4.128479957580566
3.0	3.8195011615753174
3.0	3.666912317276001
3.0	3.293720245361328
3.0	3.842341184616089
2.0	3.4895851612091064
1.0	1.3289885520935059
3.0	3.802530527114868
2.0	3.6108832359313965
1.0	2.6063661575317383
3.0	4.122853755950928
3.0	3.3965563774108887
2.0	3.289091110229492
2.0	3.223583221435547
3.0	3.398831844329834
2.0	3.862517833709717
2.0	3.0105302333831787
3.0	3.8613481521606445
3.0	3.5609426498413086
3.0	4.111963748931885
3.0	4.097623825073242
3.0	3.1567976474761963
3.0	3.732224225997925
3.0	3.9456734657287598
2.0	3.0127134323120117
3.0	4.061115741729736
3.0	3.823848009109497
2.0	2.3881516456604004
3.0	3.4687211513519287
2.0	2.5171163082122803
2.0	2.6982223987579346
2.0	3.0663564205169678
3.0	3.4651858806610107
3.0	3.3618650436401367
2.0	3.1239194869995117
3.0	3.1207377910614014
2.0	2.618788003921509
3.0	3.431903839111328
3.0	3.433013916015625
3.0	4.047582149505615
