label	pred
4.0	4.137019157409668
4.0	4.277556419372559
4.0	4.102717876434326
4.0	4.1505446434021
4.0	3.8935344219207764
3.0	2.9589500427246094
1.0	1.4067860841751099
3.0	3.42450213432312
4.0	4.03109073638916
3.0	3.50046968460083
3.0	3.148836374282837
3.0	3.1894493103027344
4.0	4.4343461990356445
1.0	1.3876169919967651
1.0	1.834368109703064
4.0	3.7516462802886963
3.0	3.3326103687286377
4.0	3.952894449234009
3.0	3.2051198482513428
2.0	2.245419502258301
1.0	1.9848798513412476
3.0	3.1018292903900146
3.0	3.0657849311828613
2.0	1.984053134918213
3.0	3.1224846839904785
4.0	3.837278127670288
4.0	3.7398664951324463
3.0	3.749871015548706
2.0	2.1836771965026855
3.0	3.156804084777832
4.0	3.6675026416778564
3.0	3.540525436401367
2.0	2.193873167037964
3.0	3.2720651626586914
4.0	3.479665517807007
4.0	3.7593212127685547
0.0	0.9679176807403564
4.0	3.851595640182495
4.0	3.766915798187256
4.0	3.828721284866333
4.0	4.079101085662842
4.0	3.6694722175598145
3.0	3.577329397201538
3.0	3.099459648132324
4.0	3.8440380096435547
4.0	3.799043655395508
1.0	1.3175735473632812
3.0	2.6456336975097656
3.0	2.3687210083007812
3.0	2.8032031059265137
4.0	3.915386915206909
4.0	3.9522767066955566
1.0	1.3258744478225708
3.0	3.164219856262207
3.0	2.9322540760040283
3.0	2.931880474090576
2.0	2.126169204711914
2.0	2.265084981918335
3.0	3.2107083797454834
3.0	3.1897072792053223
3.0	3.169722557067871
4.0	4.168492794036865
4.0	3.852293014526367
2.0	2.508822441101074
1.0	1.123518705368042
3.0	3.2513363361358643
4.0	3.9313302040100098
2.0	2.5037083625793457
4.0	3.7329177856445312
3.0	3.112417697906494
2.0	2.3996171951293945
3.0	3.1715316772460938
2.0	2.2382731437683105
4.0	3.981989860534668
3.0	3.262483596801758
4.0	3.697032928466797
3.0	3.109635353088379
3.0	2.999513626098633
3.0	3.3796935081481934
4.0	4.300580024719238
3.0	3.557096481323242
4.0	4.081328868865967
1.0	1.1280076503753662
2.0	1.8457400798797607
3.0	3.261429786682129
5.0	4.658905506134033
3.0	3.041923761367798
4.0	3.894068717956543
3.0	3.0490827560424805
1.0	1.410305380821228
4.0	3.651167631149292
1.0	1.3180829286575317
3.0	3.309579849243164
3.0	2.94294810295105
3.0	3.016791343688965
4.0	3.813831090927124
3.0	3.0360512733459473
2.0	2.0729334354400635
4.0	3.0858023166656494
3.0	3.3110060691833496
3.0	3.228058338165283
4.0	3.5872812271118164
3.0	2.970506191253662
4.0	4.02983283996582
2.0	2.3166329860687256
3.0	2.9314327239990234
3.0	3.2871603965759277
2.0	2.3658671379089355
3.0	3.037005662918091
4.0	3.935154914855957
4.0	3.3473126888275146
3.0	2.7232089042663574
3.0	3.024554967880249
3.0	2.7392399311065674
4.0	3.443058967590332
3.0	3.4094953536987305
4.0	4.391324520111084
3.0	2.6885595321655273
2.0	2.9795138835906982
4.0	4.052607536315918
4.0	3.773822784423828
4.0	3.961803436279297
4.0	3.988269329071045
4.0	4.175754547119141
4.0	3.9066903591156006
3.0	3.150308847427368
3.0	3.168473243713379
3.0	3.2219154834747314
4.0	3.738020181655884
1.0	1.4111911058425903
3.0	3.1563429832458496
4.0	4.217123508453369
2.0	2.07492733001709
3.0	2.9478514194488525
3.0	2.877126693725586
4.0	3.8588292598724365
3.0	2.79809308052063
2.0	2.3238039016723633
3.0	3.0382025241851807
2.0	2.213435173034668
3.0	3.163037061691284
4.0	4.174778938293457
0.0	0.8290184140205383
2.0	2.726698398590088
4.0	3.8553106784820557
3.0	2.6679506301879883
4.0	4.1033220291137695
4.0	4.042411804199219
3.0	2.465127944946289
4.0	4.008049488067627
4.0	3.787890672683716
3.0	3.169459581375122
3.0	2.936201333999634
3.0	3.1537184715270996
1.0	1.3088546991348267
2.0	2.0609853267669678
4.0	4.229915142059326
4.0	3.8375296592712402
4.0	3.8460216522216797
4.0	3.9624388217926025
3.0	3.47037935256958
4.0	4.25277042388916
1.0	1.311592698097229
4.0	4.015912055969238
3.0	2.8844289779663086
3.0	2.7906150817871094
3.0	3.3694140911102295
3.0	2.9261457920074463
3.0	3.5340840816497803
2.0	2.5524234771728516
4.0	4.173995494842529
2.0	2.384174108505249
1.0	2.1359856128692627
4.0	4.063015937805176
3.0	3.5476579666137695
2.0	2.0711936950683594
3.0	3.0841307640075684
3.0	3.6058197021484375
2.0	2.553586006164551
2.0	2.2764320373535156
3.0	2.7817370891571045
2.0	2.3697214126586914
3.0	3.282630443572998
4.0	3.723870277404785
3.0	3.0115537643432617
2.0	2.315380811691284
2.0	2.4618890285491943
2.0	2.526090383529663
2.0	2.9190969467163086
2.0	2.134819269180298
3.0	3.20308518409729
3.0	3.0660054683685303
2.0	2.231745719909668
2.0	2.982896089553833
3.0	3.1144299507141113
3.0	3.0284879207611084
2.0	2.5124106407165527
3.0	3.4195940494537354
2.0	2.474954128265381
3.0	3.4250240325927734
2.0	2.260976552963257
2.0	2.3518455028533936
3.0	3.0856356620788574
3.0	3.345027208328247
1.0	1.1841638088226318
2.0	2.8184149265289307
3.0	3.232936382293701
2.0	2.211350917816162
2.0	2.7057695388793945
2.0	3.1379072666168213
2.0	2.313991069793701
3.0	3.2308998107910156
3.0	3.2681164741516113
4.0	4.178727626800537
3.0	3.1299166679382324
3.0	3.2484383583068848
4.0	4.2198333740234375
3.0	3.0305182933807373
3.0	3.7564311027526855
3.0	3.2799055576324463
2.0	2.3666021823883057
3.0	3.273313522338867
3.0	3.531614303588867
2.0	2.4821150302886963
2.0	2.505157470703125
2.0	2.54923415184021
3.0	3.3711657524108887
1.0	1.4207334518432617
2.0	2.240326404571533
3.0	3.2540338039398193
3.0	3.177190065383911
2.0	2.2649450302124023
2.0	2.5080506801605225
2.0	2.795419931411743
3.0	3.3605382442474365
2.0	2.7270798683166504
2.0	2.2952234745025635
3.0	3.972351312637329
3.0	3.485431432723999
1.0	1.5419821739196777
0.0	0.5693143606185913
2.0	2.949525833129883
3.0	3.2692244052886963
3.0	3.142169237136841
3.0	3.2021167278289795
4.0	4.047549724578857
3.0	3.584670066833496
1.0	1.4444284439086914
3.0	3.40048885345459
4.0	4.129554271697998
2.0	2.1708343029022217
3.0	3.3115198612213135
3.0	3.2286267280578613
3.0	3.1826558113098145
1.0	1.8611509799957275
2.0	2.4219815731048584
3.0	3.5647552013397217
3.0	3.189822196960449
3.0	3.47253680229187
3.0	3.346137046813965
3.0	3.1755313873291016
3.0	3.4428088665008545
3.0	3.2665116786956787
2.0	2.542085886001587
4.0	3.881258249282837
1.0	1.555953860282898
4.0	3.7230210304260254
4.0	4.149446964263916
3.0	3.4521212577819824
3.0	3.6037509441375732
3.0	3.5544955730438232
4.0	3.961836576461792
3.0	3.204324722290039
4.0	3.827369451522827
3.0	3.370129346847534
3.0	3.440272331237793
2.0	2.630746364593506
3.0	3.3530232906341553
3.0	3.2210445404052734
3.0	3.3283281326293945
3.0	3.2623143196105957
3.0	3.2046446800231934
4.0	4.1009202003479
2.0	2.5471913814544678
3.0	3.517075300216675
3.0	3.249161958694458
3.0	3.5360119342803955
3.0	2.75583553314209
3.0	3.703115224838257
3.0	3.328204870223999
4.0	3.835667848587036
3.0	3.316080331802368
2.0	2.771331787109375
3.0	3.48821759223938
2.0	2.8873472213745117
2.0	2.5286033153533936
3.0	3.031165599822998
3.0	3.5313353538513184
0.0	0.5694479942321777
1.0	2.220473527908325
3.0	3.5578153133392334
4.0	4.295108795166016
4.0	4.248934745788574
3.0	3.462125301361084
3.0	2.7714972496032715
4.0	4.2216010093688965
2.0	2.6766583919525146
3.0	3.246990919113159
4.0	4.581810474395752
3.0	3.1245017051696777
3.0	3.3747496604919434
3.0	3.545107364654541
0.0	0.9696600437164307
2.0	2.38432240486145
3.0	3.632293939590454
3.0	3.30784273147583
3.0	3.2043092250823975
1.0	1.6809300184249878
1.0	1.7983452081680298
2.0	2.0664048194885254
3.0	3.576162338256836
3.0	3.190396308898926
4.0	3.9153892993927
2.0	2.3173227310180664
4.0	4.586611747741699
4.0	4.362415790557861
1.0	1.4712295532226562
3.0	3.294003963470459
3.0	3.5630342960357666
3.0	3.442927598953247
2.0	2.7364630699157715
3.0	3.5941030979156494
0.0	1.015360951423645
4.0	3.7969672679901123
3.0	2.9746897220611572
5.0	4.962577819824219
4.0	4.211729049682617
3.0	3.238131523132324
3.0	3.334232807159424
3.0	3.463252067565918
4.0	4.397445201873779
3.0	3.1029624938964844
3.0	3.7509329319000244
2.0	3.1089906692504883
3.0	3.5511465072631836
3.0	3.2089598178863525
4.0	3.994251012802124
4.0	4.254615783691406
4.0	4.463146209716797
3.0	3.63440203666687
3.0	3.4768307209014893
4.0	4.171901226043701
3.0	3.4680535793304443
3.0	3.427126169204712
2.0	2.468705177307129
2.0	2.4651525020599365
3.0	3.210010051727295
1.0	1.5746355056762695
3.0	3.099125862121582
4.0	4.480705738067627
