label	pred
3.0	2.5987794399261475
3.0	2.4263484477996826
4.0	2.9495656490325928
4.0	3.768132448196411
3.0	2.7126595973968506
3.0	2.2649970054626465
3.0	2.5990352630615234
1.0	0.5592842698097229
3.0	3.120830535888672
2.0	2.1277003288269043
2.0	2.0219173431396484
3.0	2.7845561504364014
3.0	2.9612085819244385
3.0	2.418010950088501
3.0	2.973493814468384
3.0	2.906376838684082
4.0	2.958986759185791
2.0	2.105889081954956
3.0	2.59395170211792
2.0	1.8601065874099731
4.0	3.2626705169677734
2.0	1.8802406787872314
2.0	2.7277843952178955
3.0	3.0970754623413086
3.0	2.857738733291626
3.0	3.1226391792297363
3.0	2.6876156330108643
2.0	2.202341318130493
3.0	2.5579795837402344
3.0	2.615858793258667
3.0	3.1141860485076904
3.0	2.709007501602173
3.0	2.919964551925659
2.0	2.851445198059082
2.0	2.2300491333007812
3.0	3.2645726203918457
3.0	3.038400173187256
3.0	3.074819564819336
3.0	2.907334804534912
3.0	3.168973207473755
2.0	2.093132257461548
3.0	3.249497175216675
3.0	2.598217010498047
3.0	3.3232486248016357
2.0	1.7943419218063354
3.0	2.585822343826294
2.0	2.6953186988830566
3.0	2.2970683574676514
3.0	2.8175666332244873
3.0	2.932893991470337
3.0	2.8944785594940186
3.0	3.003378391265869
2.0	2.027639627456665
4.0	3.789564609527588
1.0	1.0308952331542969
2.0	2.2517290115356445
3.0	3.6840152740478516
1.0	1.23872709274292
2.0	2.5494000911712646
2.0	2.335798501968384
2.0	1.9687042236328125
2.0	2.2771098613739014
2.0	1.7935625314712524
2.0	2.19209361076355
2.0	2.330925226211548
3.0	2.948904037475586
2.0	1.6420025825500488
3.0	3.1378705501556396
3.0	3.2048659324645996
3.0	2.910799503326416
3.0	3.5750231742858887
3.0	2.8496456146240234
4.0	3.885619640350342
3.0	3.1828625202178955
3.0	2.99830961227417
3.0	3.2055768966674805
3.0	3.350210189819336
3.0	3.1137871742248535
2.0	2.7401955127716064
3.0	2.9242143630981445
3.0	3.1960878372192383
3.0	3.111555576324463
2.0	2.025937795639038
4.0	3.959660053253174
3.0	3.501343250274658
3.0	3.2828896045684814
3.0	3.1651463508605957
4.0	4.212353229522705
3.0	3.19950270652771
3.0	3.059878349304199
3.0	3.212315082550049
2.0	2.4813475608825684
3.0	3.0331223011016846
3.0	2.9649858474731445
2.0	1.9311245679855347
3.0	2.4560632705688477
3.0	3.112792491912842
3.0	3.0762298107147217
3.0	2.5412964820861816
3.0	2.9562032222747803
4.0	4.066383361816406
2.0	2.125270366668701
4.0	3.9406654834747314
2.0	2.352628231048584
3.0	3.4370269775390625
2.0	1.627744436264038
3.0	2.80525279045105
4.0	3.418938636779785
3.0	2.9308512210845947
2.0	1.7485679388046265
3.0	2.5967295169830322
3.0	3.0092813968658447
3.0	2.7298483848571777
4.0	3.560940742492676
4.0	3.7462124824523926
3.0	2.6182589530944824
4.0	3.4305484294891357
2.0	1.6887773275375366
4.0	3.5265393257141113
3.0	3.203366994857788
2.0	2.10467267036438
3.0	2.9926857948303223
4.0	3.323582887649536
1.0	1.3122329711914062
3.0	3.0605649948120117
3.0	2.8398618698120117
3.0	2.4989678859710693
5.0	4.45063591003418
2.0	2.384329319000244
1.0	1.893479585647583
4.0	3.401163339614868
4.0	3.055851459503174
4.0	2.8709473609924316
2.0	0.8505039215087891
3.0	2.815728187561035
2.0	1.998400330543518
4.0	3.743898630142212
4.0	3.5662269592285156
4.0	3.485159158706665
3.0	2.1888179779052734
4.0	3.3095576763153076
3.0	2.792266607284546
1.0	0.29773157835006714
3.0	2.23088002204895
4.0	3.533963441848755
3.0	2.5248188972473145
2.0	1.7535631656646729
3.0	2.863252878189087
2.0	1.3372939825057983
3.0	2.6089370250701904
3.0	2.533320665359497
3.0	2.8575077056884766
1.0	0.9339752197265625
2.0	1.1916792392730713
3.0	2.3338463306427
3.0	2.452484369277954
3.0	2.729172468185425
2.0	1.805506706237793
2.0	1.6937774419784546
4.0	3.323380470275879
3.0	2.911583185195923
4.0	3.541585922241211
2.0	2.2918896675109863
3.0	2.7827062606811523
4.0	3.474980592727661
3.0	2.290018081665039
3.0	2.9890692234039307
3.0	2.70615291595459
4.0	2.905019521713257
3.0	2.6085939407348633
3.0	2.6376004219055176
3.0	2.8035671710968018
4.0	2.9586775302886963
2.0	1.4296000003814697
3.0	2.5202529430389404
2.0	1.5199363231658936
2.0	1.3284149169921875
2.0	1.9938362836837769
1.0	0.05519604682922363
3.0	2.181879758834839
3.0	2.619271993637085
3.0	2.5071539878845215
3.0	2.4108147621154785
3.0	3.0907139778137207
3.0	2.882270097732544
3.0	1.7179926633834839
3.0	2.929932117462158
2.0	1.2955007553100586
3.0	2.4270949363708496
3.0	2.2344348430633545
3.0	2.9472784996032715
3.0	2.9568533897399902
4.0	3.659388780593872
3.0	2.6830127239227295
4.0	3.850602865219116
1.0	1.4914109706878662
3.0	3.00666880607605
3.0	2.6025922298431396
4.0	3.358341932296753
3.0	2.8224422931671143
2.0	1.514901876449585
2.0	1.946015477180481
3.0	3.0725924968719482
3.0	2.9057412147521973
4.0	3.6138241291046143
3.0	2.5375258922576904
3.0	2.2581841945648193
2.0	2.427950382232666
4.0	3.6330273151397705
3.0	3.0926153659820557
1.0	1.214951753616333
3.0	2.2992217540740967
2.0	2.568026542663574
4.0	3.181525945663452
4.0	3.2052857875823975
3.0	2.5768022537231445
3.0	2.8068206310272217
4.0	3.2291886806488037
3.0	2.2975592613220215
3.0	2.9090354442596436
3.0	2.7108752727508545
3.0	2.947664737701416
2.0	2.1500675678253174
3.0	2.87430739402771
2.0	2.0549802780151367
4.0	3.5214967727661133
1.0	0.45107221603393555
3.0	2.91491436958313
3.0	2.968900680541992
3.0	2.961390733718872
3.0	2.454618215560913
3.0	3.3466033935546875
4.0	3.9519026279449463
3.0	2.8753774166107178
1.0	1.2365612983703613
4.0	3.691220283508301
4.0	3.5776214599609375
3.0	2.257669687271118
4.0	3.4388797283172607
3.0	2.5476348400115967
3.0	2.983595609664917
3.0	2.8854339122772217
5.0	4.102855682373047
3.0	2.9917852878570557
2.0	1.863143801689148
4.0	3.518065929412842
3.0	2.8572444915771484
3.0	3.029306650161743
4.0	3.4822475910186768
3.0	2.6793737411499023
4.0	3.53175950050354
1.0	0.5763599872589111
1.0	0.579950213432312
2.0	1.676866888999939
4.0	3.4922335147857666
4.0	3.8874311447143555
1.0	1.3012512922286987
3.0	2.5355546474456787
3.0	2.685271978378296
3.0	2.2613232135772705
3.0	2.8052866458892822
2.0	1.6673738956451416
1.0	0.8138428926467896
3.0	3.005004405975342
3.0	2.364198923110962
3.0	2.728394031524658
2.0	2.025390148162842
4.0	3.6579978466033936
3.0	2.966905117034912
2.0	1.6835241317749023
4.0	3.79335355758667
3.0	2.7193198204040527
3.0	2.5578765869140625
3.0	2.3837835788726807
3.0	3.074643850326538
2.0	1.607500433921814
3.0	2.891205310821533
2.0	1.4787852764129639
4.0	3.4586501121520996
4.0	3.595609664916992
3.0	3.1449413299560547
2.0	1.6897192001342773
2.0	1.479071855545044
3.0	2.3864688873291016
3.0	2.8941805362701416
1.0	0.2197360396385193
3.0	2.85803484916687
4.0	3.6748762130737305
3.0	2.776270627975464
2.0	1.7277321815490723
3.0	2.497053623199463
3.0	2.7108633518218994
4.0	3.7045700550079346
4.0	3.74704909324646
4.0	3.275566339492798
1.0	0.3228951692581177
3.0	2.5163190364837646
5.0	3.9629714488983154
1.0	0.47592997550964355
3.0	2.074535608291626
3.0	3.2625534534454346
3.0	2.584244728088379
3.0	2.108384132385254
2.0	1.5014575719833374
1.0	0.6719944477081299
5.0	3.002859354019165
1.0	0.8796696662902832
3.0	3.1931872367858887
4.0	2.6648120880126953
3.0	2.952341079711914
3.0	2.406489372253418
1.0	0.5626324415206909
4.0	3.1932084560394287
4.0	3.499955177307129
4.0	3.1709280014038086
4.0	3.0107991695404053
1.0	0.28619587421417236
4.0	3.5181307792663574
3.0	2.359403610229492
2.0	1.6881449222564697
3.0	2.6993517875671387
3.0	2.391106367111206
2.0	1.9404611587524414
3.0	3.0183920860290527
1.0	0.7831778526306152
3.0	1.850964069366455
4.0	3.2451295852661133
4.0	3.144728899002075
2.0	1.5633645057678223
3.0	2.013998508453369
3.0	2.5911123752593994
4.0	3.2959344387054443
4.0	2.8600902557373047
4.0	3.5739858150482178
5.0	3.6455564498901367
4.0	3.3019320964813232
3.0	2.591217279434204
4.0	2.911775588989258
3.0	2.470705032348633
3.0	2.862159490585327
4.0	3.1565279960632324
2.0	1.4202882051467896
3.0	2.3704776763916016
4.0	3.2476084232330322
3.0	2.444782018661499
4.0	3.310324192047119
3.0	2.2512588500976562
3.0	2.709237813949585
3.0	2.4468111991882324
3.0	1.8566036224365234
3.0	2.3288869857788086
4.0	2.4948410987854004
4.0	3.6167829036712646
4.0	3.3423078060150146
4.0	3.436835765838623
3.0	2.2688827514648438
4.0	3.248542308807373
4.0	3.4802780151367188
4.0	3.6136233806610107
4.0	3.3114352226257324
