label	pred
3.0	3.2489237785339355
4.0	4.466220855712891
4.0	4.27650785446167
3.0	3.546696662902832
4.0	4.20142936706543
5.0	3.4693973064422607
4.0	3.9873719215393066
3.0	3.589322805404663
2.0	1.7249298095703125
3.0	4.44350528717041
2.0	3.6234524250030518
2.0	3.4881508350372314
3.0	2.932762622833252
3.0	3.5345635414123535
1.0	1.4435131549835205
3.0	3.785257339477539
2.0	2.4952449798583984
3.0	3.2730941772460938
2.0	2.5300185680389404
3.0	3.3117241859436035
4.0	3.3685953617095947
1.0	2.332814931869507
2.0	3.2511985301971436
4.0	3.999715805053711
3.0	3.5318763256073
3.0	3.5724148750305176
3.0	3.1791977882385254
3.0	3.446033239364624
3.0	3.3428900241851807
4.0	4.250929355621338
3.0	3.2516443729400635
3.0	3.4520883560180664
4.0	3.676236152648926
3.0	2.97286319732666
3.0	2.847151279449463
2.0	2.3547205924987793
3.0	3.6358423233032227
3.0	3.359656572341919
4.0	4.109100818634033
3.0	3.0908918380737305
2.0	2.6747817993164062
2.0	3.016876459121704
3.0	3.5113298892974854
3.0	3.378978967666626
3.0	2.4750752449035645
3.0	3.9743144512176514
4.0	3.855722427368164
4.0	4.374287128448486
4.0	3.5211119651794434
3.0	3.9294683933258057
2.0	2.7732582092285156
3.0	3.306358814239502
3.0	3.0466766357421875
4.0	3.5028295516967773
3.0	3.3567848205566406
3.0	3.1511731147766113
4.0	4.192468166351318
2.0	2.496727466583252
3.0	3.19999361038208
3.0	3.7776236534118652
4.0	3.9094643592834473
4.0	3.84140944480896
4.0	4.173498153686523
3.0	3.2958595752716064
3.0	3.236138343811035
4.0	4.0270586013793945
2.0	3.210362195968628
4.0	4.472671031951904
4.0	4.666971683502197
4.0	3.9610395431518555
3.0	3.2855584621429443
4.0	3.9604365825653076
2.0	3.6860296726226807
3.0	2.846134901046753
3.0	3.489006996154785
3.0	2.615487575531006
3.0	3.650200843811035
3.0	3.0759172439575195
3.0	2.7666594982147217
4.0	3.9345052242279053
4.0	3.610311269760132
2.0	3.386911392211914
4.0	3.402043104171753
3.0	4.1208815574646
3.0	2.300964832305908
1.0	2.268467426300049
4.0	3.840897560119629
3.0	3.3920323848724365
0.0	1.661895990371704
2.0	2.630488872528076
3.0	3.52974271774292
1.0	3.323209524154663
3.0	3.652113437652588
3.0	3.36875319480896
2.0	3.2750203609466553
3.0	3.5044121742248535
2.0	2.6154026985168457
2.0	3.1418769359588623
3.0	2.9362804889678955
1.0	2.1727983951568604
3.0	2.667328357696533
2.0	2.835001230239868
3.0	3.7214534282684326
3.0	3.027442455291748
3.0	3.791778087615967
3.0	3.6905453205108643
3.0	3.673166513442993
3.0	4.362922668457031
3.0	3.537073850631714
4.0	4.023017883300781
3.0	3.7096364498138428
3.0	3.3389015197753906
4.0	4.4634318351745605
4.0	3.7557129859924316
3.0	3.68283748626709
3.0	3.3229782581329346
2.0	2.094464063644409
2.0	4.211167812347412
3.0	3.278104305267334
3.0	2.405931234359741
4.0	4.280222415924072
3.0	3.6908204555511475
4.0	3.916353225708008
2.0	2.3199715614318848
3.0	2.9353389739990234
2.0	2.7608540058135986
4.0	4.453662872314453
2.0	2.4848015308380127
3.0	3.7763943672180176
4.0	4.079805850982666
5.0	3.8301830291748047
4.0	3.9587366580963135
4.0	3.9379706382751465
3.0	4.063478469848633
2.0	2.7053897380828857
0.0	0.3839868903160095
4.0	3.261573553085327
2.0	3.137699842453003
3.0	3.521347999572754
4.0	3.7775185108184814
3.0	3.4947280883789062
1.0	2.2388598918914795
2.0	3.2778944969177246
3.0	3.189253330230713
3.0	3.0678319931030273
4.0	3.829930305480957
3.0	3.364912748336792
3.0	3.9396135807037354
1.0	1.7798681259155273
4.0	3.9662418365478516
3.0	3.1416022777557373
2.0	3.3029096126556396
3.0	3.056797981262207
1.0	1.417384386062622
4.0	4.153087139129639
0.0	1.7427198886871338
2.0	3.26497745513916
3.0	3.6797051429748535
3.0	3.4652459621429443
3.0	3.401735544204712
4.0	3.6939005851745605
2.0	3.475975513458252
2.0	1.7738022804260254
3.0	3.3084139823913574
2.0	3.210153102874756
2.0	3.4122884273529053
3.0	3.0153181552886963
3.0	3.021209716796875
3.0	3.465696334838867
3.0	3.7933685779571533
2.0	3.785228729248047
4.0	3.487764596939087
3.0	2.808537244796753
3.0	3.507936954498291
4.0	4.205104351043701
3.0	2.6391799449920654
3.0	3.108901262283325
3.0	2.4215710163116455
4.0	4.660888671875
1.0	1.9303669929504395
3.0	3.211292028427124
3.0	3.649980068206787
4.0	4.419846534729004
4.0	3.5607287883758545
3.0	3.5837936401367188
3.0	3.3970248699188232
4.0	3.9480342864990234
3.0	4.183488845825195
2.0	2.930086135864258
3.0	3.452343463897705
4.0	3.9012439250946045
3.0	3.7556371688842773
4.0	3.7731685638427734
4.0	4.175054550170898
2.0	3.4926843643188477
3.0	3.57566499710083
3.0	3.5438690185546875
3.0	3.123173236846924
2.0	2.709669351577759
4.0	4.011961936950684
3.0	3.545525074005127
4.0	4.304311752319336
3.0	3.6298916339874268
3.0	3.514571189880371
3.0	4.095642566680908
2.0	3.606071949005127
3.0	4.190889358520508
4.0	3.1375198364257812
4.0	3.5372116565704346
3.0	2.6904680728912354
3.0	3.7776973247528076
3.0	3.721160888671875
4.0	4.098141670227051
4.0	4.189729690551758
3.0	2.9794092178344727
2.0	2.5975310802459717
2.0	2.748257637023926
4.0	3.442005157470703
1.0	1.5122203826904297
2.0	3.464233875274658
3.0	2.992770195007324
3.0	2.7951653003692627
3.0	3.869349956512451
3.0	2.7148020267486572
3.0	2.6394779682159424
3.0	3.4499423503875732
4.0	3.5061869621276855
3.0	3.4353442192077637
4.0	3.8543589115142822
3.0	3.686741828918457
4.0	4.203388214111328
3.0	4.319645881652832
4.0	4.1656413078308105
4.0	4.191526412963867
2.0	3.207566022872925
3.0	3.789551019668579
3.0	4.284170150756836
4.0	3.8148837089538574
2.0	3.3248891830444336
4.0	3.7516114711761475
4.0	3.933324098587036
3.0	4.19147253036499
2.0	3.518793821334839
2.0	2.9527318477630615
2.0	2.451385736465454
2.0	3.390005111694336
2.0	3.2580056190490723
3.0	3.6589159965515137
3.0	3.0404844284057617
2.0	2.48757004737854
1.0	2.119717597961426
2.0	3.306427478790283
2.0	3.1318063735961914
3.0	4.038460731506348
2.0	3.1426022052764893
3.0	4.0947394371032715
4.0	4.479742050170898
3.0	3.739943265914917
4.0	3.8791728019714355
2.0	1.936398983001709
3.0	3.2100439071655273
3.0	2.91671085357666
4.0	3.7863473892211914
3.0	3.749865770339966
2.0	2.908358573913574
1.0	2.556035280227661
3.0	2.4327564239501953
3.0	4.537423610687256
3.0	3.7755956649780273
4.0	4.325617790222168
3.0	3.539222478866577
4.0	4.222497463226318
3.0	3.5543346405029297
2.0	2.0673422813415527
3.0	2.58548641204834
4.0	4.297632694244385
4.0	3.988494396209717
3.0	3.3284289836883545
3.0	3.170255422592163
3.0	3.2881815433502197
3.0	3.31370210647583
3.0	3.5883374214172363
4.0	3.424433469772339
2.0	3.756809949874878
4.0	3.466604232788086
2.0	2.7044677734375
3.0	3.3136088848114014
2.0	3.525841236114502
4.0	4.268772602081299
4.0	3.325038194656372
4.0	4.451610088348389
3.0	3.554335355758667
3.0	3.3766918182373047
2.0	2.822930097579956
2.0	2.709089756011963
2.0	3.04781174659729
2.0	3.096409559249878
3.0	3.2368667125701904
3.0	4.374756813049316
3.0	3.912968158721924
4.0	3.663022518157959
3.0	3.2453060150146484
4.0	4.273172378540039
2.0	2.3716838359832764
3.0	3.5711669921875
2.0	2.0463786125183105
3.0	3.0575549602508545
4.0	3.129544734954834
4.0	3.5260820388793945
4.0	3.7544476985931396
4.0	3.9602267742156982
4.0	4.3476881980896
4.0	4.090303421020508
4.0	4.19122838973999
3.0	3.7399420738220215
4.0	3.843247890472412
4.0	3.9775259494781494
3.0	3.507927656173706
1.0	1.1166949272155762
3.0	3.7502236366271973
3.0	3.4937572479248047
3.0	2.0559604167938232
2.0	3.1903467178344727
3.0	4.023759841918945
3.0	4.043827056884766
2.0	2.15221905708313
3.0	3.2691056728363037
2.0	2.823012351989746
3.0	3.4084291458129883
3.0	3.404329538345337
3.0	3.8729419708251953
3.0	3.0679454803466797
1.0	0.8494430780410767
3.0	3.0745809078216553
4.0	3.403266429901123
3.0	2.246814489364624
3.0	3.6544041633605957
3.0	3.7376339435577393
4.0	4.456422805786133
4.0	4.294418811798096
3.0	2.5690066814422607
4.0	3.5931010246276855
2.0	2.7602734565734863
2.0	3.798696517944336
3.0	3.6142632961273193
4.0	3.600123405456543
3.0	2.5059192180633545
2.0	2.551961660385132
3.0	2.9393763542175293
4.0	3.6490466594696045
3.0	2.988309621810913
4.0	2.942368984222412
3.0	3.307080030441284
4.0	3.8097901344299316
4.0	3.660706043243408
3.0	3.4126267433166504
3.0	3.931663751602173
3.0	2.7415528297424316
3.0	3.8210887908935547
4.0	4.171345233917236
