label	pred
4.0	4.062473773956299
1.0	2.0512843132019043
3.0	3.0104925632476807
4.0	3.892155170440674
3.0	3.7958500385284424
2.0	3.548668146133423
3.0	3.8807921409606934
3.0	3.6894710063934326
3.0	4.207649230957031
3.0	3.8793587684631348
3.0	3.529785633087158
3.0	3.1622636318206787
4.0	3.7051286697387695
3.0	3.824528217315674
2.0	1.9328718185424805
3.0	4.018919467926025
2.0	3.8658483028411865
2.0	3.4731369018554688
2.0	2.7878096103668213
2.0	3.4718048572540283
2.0	2.9843811988830566
2.0	3.6798062324523926
3.0	3.092501163482666
2.0	4.420232772827148
3.0	3.650825262069702
4.0	4.380712509155273
4.0	2.751227378845215
0.0	2.273595094680786
3.0	3.7292025089263916
4.0	3.5535995960235596
4.0	3.7918105125427246
3.0	3.696713924407959
1.0	2.8064918518066406
4.0	4.0631608963012695
4.0	3.198657989501953
4.0	3.9389286041259766
4.0	3.9519782066345215
3.0	3.89795184135437
3.0	3.570556879043579
3.0	3.637241840362549
3.0	4.028007507324219
3.0	3.559015989303589
3.0	3.8570332527160645
3.0	4.023291110992432
3.0	3.7963507175445557
4.0	3.7753021717071533
4.0	4.00531530380249
3.0	3.5721423625946045
3.0	3.169874668121338
3.0	3.201447010040283
3.0	4.129693508148193
3.0	3.2423582077026367
3.0	4.092824459075928
3.0	3.1569907665252686
4.0	4.146868705749512
3.0	4.024436950683594
4.0	3.1396853923797607
2.0	2.356391429901123
2.0	2.6789710521698
3.0	3.9141006469726562
2.0	1.5381042957305908
2.0	3.01859188079834
3.0	4.279284954071045
4.0	4.057290554046631
3.0	3.1656384468078613
2.0	2.7547061443328857
3.0	2.856170415878296
3.0	4.053155422210693
2.0	2.8352489471435547
3.0	3.9850220680236816
3.0	3.7533748149871826
3.0	2.7871382236480713
2.0	3.5125348567962646
3.0	3.934398651123047
3.0	4.130213260650635
3.0	3.7123525142669678
3.0	4.252399921417236
3.0	3.522921323776245
3.0	3.6769118309020996
3.0	2.1623213291168213
3.0	3.9143226146698
3.0	3.939141273498535
4.0	3.9439587593078613
2.0	3.8919763565063477
3.0	4.070443153381348
3.0	4.03946590423584
3.0	3.55016827583313
2.0	2.8454484939575195
1.0	1.1991934776306152
4.0	4.292993545532227
3.0	3.6774680614471436
4.0	3.78462815284729
3.0	3.2751386165618896
2.0	3.513730764389038
4.0	3.5199239253997803
5.0	4.547821044921875
4.0	3.9320619106292725
4.0	4.198465347290039
3.0	3.787752628326416
3.0	4.584805011749268
3.0	4.083495616912842
2.0	3.895778179168701
3.0	4.281549453735352
2.0	4.17984676361084
2.0	3.885664939880371
3.0	3.5376243591308594
4.0	4.16387414932251
2.0	2.258546829223633
1.0	1.505355954170227
1.0	2.45495343208313
3.0	1.902524709701538
3.0	3.9705445766448975
3.0	3.496824026107788
1.0	3.2769041061401367
1.0	3.088852882385254
1.0	3.2197060585021973
3.0	3.8462133407592773
1.0	2.639221429824829
1.0	0.8802251815795898
3.0	3.8446528911590576
2.0	3.408745050430298
3.0	3.817380666732788
2.0	3.6704325675964355
2.0	3.3111026287078857
3.0	2.947563648223877
2.0	3.772020101547241
4.0	3.436295509338379
2.0	3.423569917678833
4.0	3.919469118118286
3.0	3.896728515625
2.0	3.532254219055176
3.0	3.962245225906372
2.0	3.3031299114227295
3.0	3.647794008255005
2.0	3.3933141231536865
3.0	3.318103790283203
4.0	2.1468050479888916
3.0	4.120421886444092
3.0	3.1981911659240723
2.0	3.5061869621276855
1.0	2.587188243865967
4.0	3.8028581142425537
3.0	3.797860860824585
3.0	3.7990002632141113
3.0	4.031693935394287
2.0	3.470128059387207
3.0	3.929049491882324
4.0	3.8562188148498535
4.0	4.332510471343994
3.0	3.7754557132720947
3.0	3.6886348724365234
5.0	4.273445129394531
3.0	4.524242401123047
2.0	3.7787654399871826
3.0	3.9329891204833984
3.0	3.943415403366089
3.0	4.247770309448242
2.0	3.6063551902770996
3.0	4.214910507202148
3.0	4.086857795715332
3.0	3.780993700027466
2.0	3.7683236598968506
3.0	3.6532652378082275
3.0	3.862870931625366
3.0	4.340484142303467
3.0	3.9957683086395264
3.0	3.6099965572357178
4.0	4.355451583862305
2.0	2.2974071502685547
1.0	1.5183465480804443
2.0	2.188526153564453
3.0	3.615969657897949
4.0	3.509324312210083
2.0	3.5668582916259766
3.0	3.9029622077941895
4.0	3.791381597518921
2.0	2.470688581466675
2.0	3.153599500656128
3.0	3.6406054496765137
4.0	3.8981428146362305
3.0	3.065833568572998
2.0	2.5427234172821045
3.0	4.090346813201904
3.0	4.341362476348877
3.0	4.244779586791992
3.0	3.8755781650543213
2.0	2.965437412261963
2.0	3.6808934211730957
4.0	2.9860639572143555
2.0	2.487063407897949
3.0	3.4725639820098877
3.0	4.016222953796387
3.0	3.868898391723633
3.0	3.6170456409454346
4.0	3.984152317047119
4.0	3.8408396244049072
2.0	3.3345749378204346
3.0	3.8780670166015625
4.0	4.0568318367004395
2.0	2.1669087409973145
3.0	3.693054437637329
3.0	4.133278846740723
4.0	3.5007922649383545
5.0	3.3626768589019775
2.0	3.0516607761383057
3.0	3.919769048690796
3.0	4.129649639129639
4.0	4.04865026473999
2.0	3.449082374572754
3.0	3.3992838859558105
4.0	3.312657356262207
5.0	3.720458745956421
4.0	3.712980031967163
4.0	3.48628306388855
3.0	2.763232469558716
3.0	4.393787860870361
3.0	3.889371395111084
4.0	3.906273603439331
3.0	3.7778751850128174
3.0	3.4203124046325684
2.0	3.0685737133026123
3.0	3.3571906089782715
4.0	4.037041187286377
3.0	4.184526443481445
4.0	3.926995038986206
4.0	4.1813530921936035
3.0	4.061529159545898
3.0	3.6570351123809814
4.0	4.240063190460205
3.0	3.5039572715759277
3.0	3.858961582183838
3.0	2.5888094902038574
3.0	3.6898648738861084
4.0	4.088677883148193
4.0	4.162470817565918
3.0	3.770944595336914
4.0	3.7528340816497803
3.0	2.1287178993225098
3.0	4.16951322555542
4.0	4.086743354797363
3.0	3.348440170288086
4.0	4.4941864013671875
3.0	4.035576820373535
3.0	3.7774789333343506
2.0	2.734429121017456
3.0	3.364790439605713
4.0	3.890486240386963
4.0	3.113358736038208
4.0	3.896036148071289
3.0	3.761507034301758
4.0	4.30549955368042
2.0	4.370421886444092
2.0	1.4805798530578613
3.0	3.9904003143310547
3.0	2.9881443977355957
3.0	4.0287556648254395
3.0	3.4860658645629883
4.0	3.936164379119873
4.0	4.309274196624756
1.0	1.5949783325195312
3.0	3.498958110809326
4.0	4.16862154006958
2.0	2.997391939163208
1.0	1.4548040628433228
4.0	3.8249590396881104
4.0	4.255484104156494
2.0	1.669134497642517
1.0	0.9385365843772888
2.0	3.3272550106048584
3.0	4.26804780960083
3.0	4.277815818786621
3.0	4.449018478393555
2.0	1.9546176195144653
3.0	3.2676596641540527
3.0	4.080343723297119
3.0	3.6686601638793945
4.0	3.88693904876709
3.0	4.062483787536621
3.0	3.1912782192230225
1.0	1.4384297132492065
3.0	4.192181587219238
2.0	1.3792282342910767
3.0	3.663770914077759
4.0	3.488088607788086
3.0	3.87083101272583
4.0	4.041435718536377
4.0	2.486194133758545
4.0	4.267490863800049
4.0	4.105441570281982
3.0	4.091364860534668
3.0	3.802504777908325
4.0	4.10653018951416
3.0	4.266204833984375
3.0	4.128273010253906
2.0	2.573169231414795
4.0	4.526759624481201
3.0	3.509451389312744
2.0	4.141262054443359
3.0	3.968306064605713
4.0	4.289833068847656
3.0	3.850186347961426
3.0	4.413143157958984
2.0	2.4648218154907227
3.0	4.139658451080322
4.0	4.354564189910889
4.0	3.7057085037231445
3.0	3.805138111114502
3.0	3.6789748668670654
2.0	3.898331880569458
3.0	3.937486171722412
3.0	4.448522567749023
4.0	3.5146172046661377
2.0	4.3337626457214355
5.0	4.158567905426025
4.0	4.085941314697266
2.0	4.222125053405762
3.0	3.8584938049316406
2.0	3.612074851989746
3.0	4.182702541351318
3.0	3.221684694290161
4.0	4.000955581665039
4.0	3.9561750888824463
4.0	4.049995422363281
3.0	2.5776336193084717
3.0	4.094951629638672
2.0	3.926908016204834
3.0	3.3746588230133057
3.0	3.4347519874572754
3.0	4.200979232788086
4.0	4.2708539962768555
3.0	4.063409328460693
3.0	3.894512176513672
3.0	3.140183210372925
4.0	4.095384120941162
3.0	4.019992828369141
2.0	3.104867458343506
3.0	4.046663761138916
3.0	4.107753276824951
4.0	4.08570671081543
3.0	3.801767110824585
2.0	2.6742732524871826
2.0	3.220336437225342
3.0	3.711980104446411
4.0	4.23616886138916
2.0	3.5294127464294434
4.0	3.9150562286376953
2.0	2.1495914459228516
4.0	4.060616970062256
3.0	4.174595832824707
3.0	4.072998046875
4.0	3.555128335952759
2.0	2.2194643020629883
2.0	3.4013350009918213
3.0	4.317004680633545
2.0	3.1547460556030273
2.0	3.0785579681396484
3.0	3.773683786392212
3.0	3.452643871307373
2.0	2.8949403762817383
3.0	3.90198016166687
