label	pred
2.0	2.225020170211792
3.0	2.5469179153442383
3.0	2.5855376720428467
3.0	2.571762800216675
4.0	2.5742409229278564
4.0	2.5854060649871826
4.0	2.57950496673584
3.0	2.1801822185516357
2.0	1.435910701751709
3.0	2.6102495193481445
2.0	2.2086708545684814
2.0	2.270399570465088
2.0	2.15980863571167
3.0	2.452155828475952
1.0	1.238464117050171
3.0	2.4226508140563965
2.0	1.666045904159546
3.0	2.3942224979400635
2.0	2.2934091091156006
4.0	2.48746919631958
3.0	2.4793477058410645
2.0	1.534668207168579
2.0	1.9871132373809814
4.0	2.561600923538208
3.0	2.3017122745513916
3.0	2.11116623878479
3.0	2.307326316833496
3.0	2.2462003231048584
3.0	2.495908260345459
4.0	2.586455821990967
3.0	2.498833656311035
3.0	2.290592670440674
4.0	2.5900027751922607
2.0	1.9870331287384033
3.0	2.3074052333831787
3.0	2.0071229934692383
3.0	2.321702480316162
3.0	2.2848317623138428
3.0	2.5701792240142822
3.0	2.160310983657837
2.0	1.9157048463821411
2.0	2.4903011322021484
2.0	2.459099054336548
3.0	2.285017251968384
3.0	1.755812406539917
3.0	2.5931248664855957
4.0	2.5826635360717773
3.0	2.6053109169006348
4.0	2.5850400924682617
3.0	2.5325448513031006
2.0	1.812834620475769
2.0	2.270350456237793
4.0	2.453113555908203
4.0	2.5883901119232178
3.0	2.0059804916381836
2.0	1.767015814781189
3.0	2.52986216545105
2.0	1.8265293836593628
3.0	2.4928767681121826
3.0	2.5896825790405273
4.0	2.5542962551116943
4.0	2.5797622203826904
4.0	2.5935912132263184
3.0	2.1574745178222656
4.0	2.498044013977051
3.0	2.4662227630615234
2.0	2.2730302810668945
4.0	2.609712600708008
4.0	2.587599515914917
3.0	2.580564260482788
3.0	2.4922988414764404
4.0	2.591125249862671
2.0	2.0305521488189697
3.0	2.1704938411712646
4.0	2.5658955574035645
2.0	2.013343334197998
3.0	2.5054640769958496
2.0	2.2682206630706787
3.0	1.9835690259933472
3.0	2.566270351409912
4.0	2.6183619499206543
3.0	2.599698305130005
3.0	2.599177837371826
4.0	2.6163299083709717
2.0	1.9168713092803955
1.0	1.1583915948867798
3.0	2.598801374435425
3.0	2.3286356925964355
0.0	0.8836544752120972
2.0	2.2629146575927734
4.0	2.5975961685180664
2.0	2.489593505859375
2.0	2.159092903137207
2.0	2.247284173965454
3.0	2.531296730041504
3.0	2.239889621734619
2.0	1.6801800727844238
2.0	2.1197540760040283
3.0	2.3022210597991943
1.0	1.5762372016906738
3.0	2.2911458015441895
2.0	1.8786206245422363
3.0	2.6023507118225098
3.0	2.262209415435791
3.0	2.288449287414551
4.0	2.601299524307251
3.0	2.4405996799468994
3.0	2.4805595874786377
4.0	2.602647542953491
4.0	2.615769386291504
3.0	2.4905951023101807
3.0	2.575336456298828
4.0	2.573824167251587
3.0	2.310124635696411
3.0	2.5176756381988525
2.0	2.473839521408081
1.0	1.4240000247955322
2.0	2.451477289199829
3.0	2.2514898777008057
3.0	2.2728049755096436
4.0	2.5756914615631104
3.0	2.4022605419158936
4.0	2.575730800628662
2.0	1.8752063512802124
3.0	2.308297634124756
2.0	1.7921266555786133
4.0	2.5889039039611816
2.0	1.7634092569351196
3.0	2.2038705348968506
4.0	2.60534930229187
4.0	2.575531244277954
4.0	2.6059365272521973
4.0	2.5660512447357178
3.0	2.50154447555542
2.0	1.8796939849853516
0.0	0.6257144212722778
3.0	2.579538583755493
2.0	1.746820092201233
3.0	2.524113178253174
3.0	2.4948127269744873
2.0	2.476313829421997
1.0	1.7519502639770508
2.0	2.127969741821289
3.0	2.156982660293579
3.0	1.9139444828033447
4.0	2.573838949203491
2.0	2.1505982875823975
4.0	2.629345655441284
1.0	1.2749414443969727
4.0	2.6367621421813965
3.0	2.3902640342712402
2.0	1.8772329092025757
3.0	2.2653963565826416
1.0	1.195920705795288
4.0	2.583996295928955
0.0	1.1288225650787354
2.0	2.1522011756896973
4.0	2.3114590644836426
4.0	2.456437826156616
3.0	2.5228328704833984
2.0	2.271442413330078
3.0	2.461242437362671
2.0	1.6756473779678345
3.0	2.5137569904327393
3.0	2.3384594917297363
2.0	1.8387504816055298
3.0	2.3243353366851807
2.0	1.6706664562225342
3.0	2.4527554512023926
4.0	2.4712724685668945
3.0	2.4816226959228516
5.0	2.607269048690796
3.0	2.181325912475586
3.0	2.3839688301086426
3.0	2.5193419456481934
3.0	2.29658842086792
4.0	2.5184624195098877
3.0	2.1476950645446777
3.0	2.5952422618865967
1.0	1.1107441186904907
4.0	2.4950923919677734
4.0	2.596235752105713
4.0	2.5678677558898926
4.0	2.322854995727539
3.0	2.283576011657715
3.0	2.5804526805877686
4.0	2.323641538619995
3.0	2.5830790996551514
2.0	2.275576114654541
3.0	2.545503854751587
3.0	2.5594077110290527
4.0	2.5738043785095215
4.0	2.5229339599609375
4.0	2.57505464553833
2.0	2.1222329139709473
3.0	2.397911787033081
3.0	2.5667879581451416
3.0	2.4945003986358643
2.0	2.0851473808288574
3.0	2.589442014694214
3.0	2.4405136108398438
4.0	2.5806918144226074
3.0	2.4959821701049805
4.0	2.620863199234009
4.0	2.6024179458618164
2.0	1.7763001918792725
4.0	2.493013381958008
4.0	2.586825132369995
5.0	2.5850470066070557
4.0	2.4579975605010986
3.0	2.460080146789551
4.0	2.386615753173828
3.0	2.589381217956543
3.0	2.593768358230591
3.0	2.3055496215820312
3.0	2.129776954650879
2.0	2.4376847743988037
4.0	2.6186015605926514
0.0	0.9633876085281372
2.0	2.387218475341797
2.0	2.177241325378418
3.0	2.5721323490142822
3.0	2.5740792751312256
2.0	2.014394998550415
2.0	2.266441822052002
3.0	2.497016429901123
4.0	2.3435494899749756
3.0	2.5638911724090576
3.0	2.3835320472717285
4.0	2.482004404067993
3.0	2.4770708084106445
3.0	2.53255033493042
4.0	2.5920569896698
4.0	2.5148324966430664
2.0	2.1227452754974365
3.0	2.5621795654296875
3.0	2.4781742095947266
4.0	2.5715763568878174
2.0	2.014657974243164
4.0	2.596237897872925
3.0	2.4813668727874756
4.0	2.580486536026001
2.0	2.10091495513916
2.0	2.472041130065918
2.0	1.6607640981674194
2.0	2.160658836364746
2.0	1.996102213859558
3.0	2.3120598793029785
3.0	2.2928218841552734
2.0	1.5604193210601807
2.0	1.9237779378890991
3.0	2.5912771224975586
2.0	2.6056315898895264
3.0	2.586707353591919
2.0	2.171049118041992
3.0	2.4798521995544434
2.0	2.5676918029785156
3.0	2.5743799209594727
3.0	2.5778157711029053
1.0	1.5083422660827637
2.0	2.1521246433258057
2.0	2.396965742111206
2.0	2.480872631072998
3.0	2.5750303268432617
2.0	1.899147629737854
1.0	1.5400792360305786
1.0	1.8230947256088257
3.0	2.5969631671905518
2.0	2.478303909301758
4.0	2.5983407497406006
2.0	2.5709221363067627
4.0	2.5746426582336426
2.0	2.0235095024108887
1.0	1.4418790340423584
2.0	2.2882745265960693
3.0	2.566422462463379
2.0	2.577099561691284
2.0	2.4602460861206055
2.0	2.318329095840454
2.0	1.9034323692321777
2.0	2.4920265674591064
3.0	2.5629992485046387
2.0	2.5726370811462402
2.0	2.5031025409698486
3.0	2.5813400745391846
1.0	1.7757163047790527
2.0	2.5097742080688477
2.0	2.2614200115203857
3.0	2.6221625804901123
2.0	2.469956874847412
3.0	2.5663154125213623
2.0	2.260957956314087
2.0	1.9017695188522339
2.0	2.161750316619873
1.0	1.81788969039917
2.0	2.0989277362823486
1.0	1.753803014755249
2.0	2.1262080669403076
3.0	2.6084213256835938
3.0	2.58803391456604
3.0	2.1398379802703857
2.0	2.0203990936279297
4.0	2.56058406829834
1.0	1.5116636753082275
3.0	2.327434778213501
1.0	1.442423939704895
3.0	2.248802423477173
3.0	2.194164276123047
3.0	2.503258228302002
2.0	2.595590829849243
5.0	2.6136398315429688
3.0	2.592604875564575
2.0	2.4944236278533936
3.0	2.481062412261963
4.0	2.5720717906951904
4.0	2.592550039291382
3.0	2.4626619815826416
2.0	2.247594118118286
1.0	0.9657811522483826
2.0	2.484469413757324
4.0	2.5633177757263184
1.0	1.466202735900879
2.0	2.2635111808776855
4.0	2.576266288757324
3.0	2.5682766437530518
1.0	1.4439500570297241
3.0	2.4892849922180176
3.0	2.2608749866485596
2.0	2.2529211044311523
2.0	2.330735445022583
3.0	2.586392402648926
3.0	2.15679669380188
1.0	0.6399719715118408
3.0	2.5367798805236816
3.0	2.3317620754241943
2.0	1.8781037330627441
4.0	2.4751205444335938
2.0	2.472569704055786
4.0	2.5931177139282227
4.0	2.597195863723755
2.0	2.306891918182373
3.0	2.550509214401245
2.0	2.108431339263916
2.0	2.3336093425750732
3.0	2.503810167312622
3.0	2.5788025856018066
3.0	1.7640880346298218
2.0	1.7335522174835205
2.0	2.1680030822753906
4.0	2.5811402797698975
3.0	2.4877562522888184
3.0	2.58676815032959
3.0	2.250819206237793
3.0	2.473130702972412
2.0	2.484518527984619
2.0	2.489018678665161
3.0	2.4822216033935547
2.0	2.1760432720184326
3.0	2.5144238471984863
4.0	2.587695598602295
