label	pred
3.0	2.9587948322296143
1.0	1.0251749753952026
3.0	2.348334789276123
2.0	2.2630696296691895
3.0	2.237072229385376
2.0	2.4035110473632812
3.0	1.9009637832641602
2.0	1.8554139137268066
2.0	2.580307960510254
2.0	2.2304301261901855
3.0	2.6387009620666504
2.0	2.0642380714416504
2.0	1.7245954275131226
2.0	2.2945525646209717
1.0	2.112151861190796
2.0	2.606661796569824
1.0	0.9082953929901123
2.0	2.4907546043395996
3.0	2.3334784507751465
3.0	2.54158353805542
3.0	2.308483600616455
2.0	2.401447296142578
2.0	2.734001636505127
3.0	2.1987404823303223
3.0	2.739443778991699
4.0	2.5067062377929688
2.0	2.730912446975708
2.0	1.9784085750579834
3.0	2.077406644821167
2.0	2.0254533290863037
3.0	2.365427017211914
3.0	2.5476927757263184
3.0	2.151569366455078
1.0	1.6694316864013672
2.0	2.4965217113494873
2.0	2.0581319332122803
1.0	1.3522872924804688
2.0	2.687073230743408
4.0	3.034036874771118
3.0	2.3761236667633057
2.0	2.5940918922424316
1.0	1.6549445390701294
4.0	3.098970651626587
1.0	0.9052098989486694
3.0	2.3494112491607666
2.0	2.1290688514709473
2.0	2.5005860328674316
1.0	1.7931932210922241
4.0	3.1052749156951904
2.0	1.9385757446289062
3.0	2.7470991611480713
3.0	2.853517770767212
2.0	2.220396041870117
4.0	2.848356008529663
4.0	2.8533198833465576
3.0	2.419093132019043
4.0	2.5696628093719482
4.0	2.663567304611206
3.0	2.4010732173919678
3.0	2.3406882286071777
3.0	1.934297800064087
2.0	1.9444986581802368
3.0	2.2306151390075684
4.0	2.902444839477539
2.0	1.3994964361190796
4.0	2.8742752075195312
3.0	2.370190382003784
3.0	2.261176586151123
1.0	1.4388427734375
4.0	2.3837051391601562
4.0	2.877457618713379
2.0	2.158803701400757
3.0	2.704261541366577
4.0	2.6449201107025146
3.0	2.626446008682251
3.0	2.023089647293091
3.0	2.473747730255127
3.0	2.4625608921051025
2.0	2.4378726482391357
3.0	2.4995861053466797
3.0	2.4577393531799316
1.0	1.3755302429199219
2.0	2.752487897872925
2.0	2.8321051597595215
2.0	2.336383104324341
3.0	2.814282178878784
4.0	2.6291232109069824
1.0	1.125789999961853
2.0	1.8094444274902344
2.0	2.4545156955718994
3.0	2.5244314670562744
1.0	2.0881288051605225
2.0	1.7257193326950073
3.0	2.9050357341766357
2.0	2.0418310165405273
3.0	2.7293877601623535
2.0	2.788050889968872
3.0	3.0189146995544434
3.0	2.426696538925171
3.0	2.717820167541504
3.0	2.739732027053833
2.0	1.9753738641738892
2.0	2.3608107566833496
2.0	1.0890545845031738
2.0	2.6019556522369385
2.0	1.4784035682678223
1.0	2.1910929679870605
3.0	1.3156015872955322
2.0	2.2520334720611572
2.0	2.249643325805664
3.0	2.0229883193969727
3.0	2.826474666595459
2.0	1.964900255203247
2.0	2.018843650817871
3.0	2.5502376556396484
2.0	1.879647970199585
2.0	2.5472238063812256
2.0	2.392230987548828
2.0	2.047661781311035
2.0	2.071732759475708
2.0	1.957806944847107
4.0	2.6025760173797607
3.0	2.667712450027466
3.0	2.2370381355285645
2.0	2.1501481533050537
1.0	1.5383538007736206
4.0	2.573084592819214
4.0	2.5672547817230225
5.0	2.832620859146118
2.0	2.384413957595825
4.0	1.865984559059143
3.0	2.3704357147216797
3.0	2.290705680847168
3.0	2.2676920890808105
3.0	2.5985095500946045
4.0	3.068758964538574
2.0	2.4312095642089844
3.0	2.3985824584960938
3.0	2.58821702003479
3.0	1.9739596843719482
3.0	1.7664295434951782
4.0	2.2043771743774414
4.0	2.647465229034424
2.0	1.642459511756897
4.0	2.269106864929199
4.0	2.864201545715332
4.0	2.849590539932251
1.0	0.8059872388839722
4.0	3.1457324028015137
4.0	2.90582013130188
2.0	2.5766348838806152
1.0	2.417945623397827
3.0	1.963979959487915
2.0	2.6790246963500977
2.0	2.1850850582122803
2.0	1.7534598112106323
2.0	2.421117067337036
3.0	2.4947926998138428
4.0	2.339606523513794
3.0	2.558516263961792
3.0	2.7566967010498047
3.0	2.6187374591827393
2.0	2.3232643604278564
4.0	1.7024554014205933
3.0	2.4034433364868164
3.0	2.7390124797821045
3.0	2.3555078506469727
3.0	2.887232780456543
1.0	1.6196402311325073
1.0	1.8902106285095215
4.0	2.4928789138793945
2.0	2.5539402961730957
2.0	2.3317229747772217
2.0	2.7974367141723633
3.0	2.387927293777466
3.0	2.6657233238220215
2.0	2.0141313076019287
3.0	3.161834955215454
3.0	2.539611339569092
1.0	2.3078670501708984
2.0	2.087557792663574
2.0	0.49234166741371155
1.0	1.688430905342102
4.0	2.4804821014404297
1.0	1.2893275022506714
1.0	0.9160144329071045
2.0	2.6605851650238037
4.0	2.3458290100097656
3.0	2.4954774379730225
1.0	1.7980132102966309
3.0	2.5885629653930664
3.0	2.3600051403045654
2.0	2.843170404434204
2.0	2.045095682144165
4.0	2.247959852218628
3.0	2.0820369720458984
2.0	2.7441515922546387
2.0	2.0409250259399414
3.0	2.745474100112915
2.0	2.441958427429199
3.0	2.530017137527466
2.0	2.417140483856201
2.0	2.239664316177368
3.0	2.530470132827759
3.0	3.0023415088653564
1.0	0.6956390142440796
3.0	2.5555272102355957
2.0	2.3665695190429688
3.0	2.6182632446289062
2.0	2.2623844146728516
3.0	2.617844343185425
2.0	2.2889814376831055
2.0	2.090867042541504
3.0	2.705106258392334
3.0	2.366755247116089
3.0	2.139362335205078
3.0	2.0588011741638184
3.0	2.812183380126953
3.0	2.3209385871887207
2.0	2.4832308292388916
3.0	2.8543238639831543
4.0	2.4880261421203613
4.0	3.0029916763305664
2.0	2.4463486671447754
2.0	3.0517959594726562
3.0	2.3263180255889893
4.0	2.911916971206665
4.0	3.207540988922119
2.0	2.395958423614502
2.0	2.4869723320007324
2.0	2.3816072940826416
2.0	1.9687095880508423
3.0	2.630561590194702
3.0	2.3164479732513428
4.0	2.542451858520508
2.0	2.2132203578948975
3.0	2.3990368843078613
2.0	2.4006171226501465
2.0	1.9861042499542236
3.0	2.749539375305176
3.0	2.384333610534668
3.0	2.5171618461608887
3.0	2.442410945892334
2.0	1.8942235708236694
3.0	2.718324661254883
3.0	2.835334539413452
3.0	2.3276610374450684
3.0	2.4694342613220215
2.0	2.611037254333496
4.0	2.695120334625244
2.0	1.9215400218963623
3.0	2.9491195678710938
2.0	2.2339324951171875
3.0	2.6847422122955322
2.0	1.8567142486572266
3.0	2.901865005493164
2.0	2.79213809967041
3.0	2.546351671218872
3.0	2.414085626602173
2.0	1.7799378633499146
2.0	2.3276100158691406
2.0	2.6838343143463135
3.0	2.2463252544403076
3.0	2.506913900375366
3.0	2.910621166229248
3.0	3.074507236480713
2.0	1.953791856765747
3.0	2.5293540954589844
2.0	1.904111385345459
2.0	1.835100531578064
2.0	2.473844051361084
3.0	3.0116207599639893
3.0	2.6328682899475098
3.0	1.6102107763290405
3.0	2.3349850177764893
2.0	1.9371174573898315
1.0	0.5411643981933594
2.0	2.2579991817474365
2.0	2.212306022644043
3.0	2.7134807109832764
3.0	2.8619649410247803
1.0	1.996455192565918
3.0	1.9579944610595703
3.0	2.908632278442383
2.0	2.4464805126190186
4.0	3.041529655456543
3.0	2.962458848953247
1.0	1.6401578187942505
2.0	2.420344352722168
2.0	2.0392191410064697
2.0	2.7286224365234375
2.0	2.1087517738342285
3.0	2.8737988471984863
3.0	2.4654784202575684
3.0	2.5373270511627197
3.0	2.2420639991760254
2.0	2.3710596561431885
3.0	2.227322578430176
2.0	2.796506643295288
1.0	1.727171540260315
2.0	2.3958277702331543
2.0	2.8120839595794678
2.0	2.540677547454834
3.0	2.1051149368286133
3.0	2.5122249126434326
2.0	2.235764503479004
1.0	1.7798222303390503
3.0	2.433408260345459
1.0	2.5653600692749023
2.0	2.225811243057251
0.0	0.47761574387550354
1.0	0.7398823499679565
3.0	3.082458019256592
2.0	2.719754695892334
2.0	2.0983548164367676
2.0	2.234593629837036
3.0	2.447869300842285
3.0	3.0100879669189453
3.0	2.9824588298797607
2.0	2.528430223464966
4.0	3.0293753147125244
2.0	2.418721914291382
2.0	2.3895084857940674
2.0	2.378267765045166
2.0	2.8214757442474365
2.0	2.6198112964630127
1.0	0.49040380120277405
2.0	2.9092187881469727
3.0	2.640195846557617
1.0	1.8583675622940063
2.0	2.941326856613159
3.0	3.0222063064575195
2.0	2.330106496810913
2.0	1.513242244720459
3.0	2.89074969291687
2.0	2.4002108573913574
2.0	2.3552448749542236
3.0	2.504316568374634
3.0	2.998284339904785
3.0	2.499199151992798
3.0	2.850588321685791
2.0	2.462122917175293
4.0	3.0366110801696777
3.0	2.570108652114868
3.0	2.1093714237213135
2.0	2.1543121337890625
2.0	2.4040751457214355
2.0	2.12123966217041
3.0	2.681795120239258
2.0	1.9462753534317017
1.0	2.466012716293335
2.0	2.360238790512085
2.0	2.842646360397339
3.0	2.2309999465942383
2.0	2.4110500812530518
2.0	2.078779697418213
2.0	2.0523111820220947
2.0	2.8410804271698
3.0	2.541865825653076
2.0	2.393411874771118
