label	pred
4.0	4.142955303192139
1.0	3.1577248573303223
3.0	3.670790195465088
4.0	4.215518951416016
3.0	4.176965236663818
2.0	3.8104958534240723
3.0	4.306206226348877
3.0	4.133862018585205
3.0	4.035467624664307
3.0	4.110873699188232
3.0	3.8741016387939453
3.0	3.711646795272827
4.0	4.214683532714844
3.0	3.922020435333252
2.0	2.9504146575927734
3.0	4.052110195159912
2.0	4.199187278747559
2.0	3.7996742725372314
2.0	3.2848215103149414
2.0	3.774357795715332
2.0	3.6833505630493164
2.0	3.9808976650238037
3.0	3.5192999839782715
2.0	4.159949779510498
3.0	4.13216495513916
4.0	4.074230194091797
4.0	3.5124809741973877
0.0	2.8233795166015625
3.0	3.943026304244995
4.0	3.785525321960449
4.0	4.049253940582275
3.0	4.004206657409668
1.0	3.3807785511016846
4.0	4.081254959106445
4.0	3.6782748699188232
4.0	4.175773620605469
4.0	4.079701900482178
3.0	4.128205299377441
3.0	3.829505443572998
3.0	4.185725688934326
3.0	4.200980186462402
3.0	3.9005939960479736
3.0	4.244622230529785
3.0	4.169207572937012
3.0	3.977928876876831
4.0	3.883836507797241
4.0	4.249749183654785
3.0	3.835822820663452
3.0	4.029448986053467
3.0	3.880051374435425
3.0	4.244295597076416
3.0	3.5989441871643066
3.0	3.970829486846924
3.0	3.7682244777679443
4.0	4.2206501960754395
3.0	4.226447105407715
4.0	4.262506008148193
2.0	3.0988998413085938
2.0	3.673938751220703
3.0	4.156522750854492
2.0	2.639549493789673
2.0	3.5713539123535156
3.0	3.977393865585327
4.0	4.135311126708984
3.0	3.9268665313720703
2.0	3.8679895401000977
3.0	3.7330996990203857
3.0	4.069202423095703
2.0	3.563138246536255
3.0	3.9413397312164307
3.0	4.08524751663208
3.0	3.8269741535186768
2.0	3.6692264080047607
3.0	4.153730392456055
3.0	4.007257461547852
3.0	4.05447244644165
3.0	4.185840606689453
3.0	3.918607234954834
3.0	3.8993563652038574
3.0	3.2103633880615234
3.0	4.03305721282959
3.0	4.076476573944092
4.0	4.098402500152588
2.0	3.9643163681030273
3.0	4.056331634521484
3.0	4.042280197143555
3.0	3.871405601501465
2.0	3.2321324348449707
1.0	2.4974400997161865
4.0	4.090793132781982
3.0	3.569990634918213
4.0	4.178211688995361
3.0	3.8763744831085205
2.0	3.9510116577148438
4.0	4.164975166320801
5.0	4.299895286560059
4.0	4.247581481933594
4.0	4.308087348937988
3.0	3.775705099105835
3.0	4.2732038497924805
3.0	4.112234592437744
2.0	4.065725326538086
3.0	4.219069480895996
2.0	3.9942567348480225
2.0	3.8952078819274902
3.0	3.9123129844665527
4.0	4.1947712898254395
2.0	3.3633053302764893
1.0	2.973036527633667
1.0	3.369607448577881
3.0	3.7276389598846436
3.0	3.94146728515625
3.0	4.016989707946777
1.0	3.245391845703125
1.0	3.3307809829711914
1.0	3.6790599822998047
3.0	3.9248101711273193
1.0	3.091148853302002
1.0	2.9865286350250244
3.0	4.234583854675293
2.0	3.692257881164551
3.0	4.221034526824951
2.0	3.861196756362915
2.0	3.4686975479125977
3.0	3.657118320465088
2.0	3.839974880218506
4.0	4.245157241821289
2.0	3.579200267791748
4.0	4.239577770233154
3.0	4.269535064697266
2.0	3.7860569953918457
3.0	4.11179780960083
2.0	3.694286823272705
3.0	3.8290178775787354
2.0	3.6798722743988037
3.0	3.7504477500915527
4.0	4.160058975219727
3.0	3.9812989234924316
3.0	3.6237306594848633
2.0	3.776803493499756
1.0	3.144516944885254
4.0	4.260239601135254
3.0	4.161966800689697
3.0	4.211108207702637
3.0	4.03761625289917
2.0	3.698655843734741
3.0	4.026922702789307
4.0	4.19860315322876
4.0	4.206831932067871
3.0	4.022298812866211
3.0	4.199643611907959
5.0	4.227593421936035
3.0	4.123737812042236
2.0	3.8795135021209717
3.0	4.106996536254883
3.0	3.9096670150756836
3.0	4.186500072479248
2.0	3.779163360595703
3.0	4.036676406860352
3.0	3.9404890537261963
3.0	3.9719369411468506
2.0	3.6799910068511963
3.0	4.138228416442871
3.0	4.174607276916504
3.0	4.099786758422852
3.0	4.163224220275879
3.0	3.994741201400757
4.0	4.229142665863037
2.0	3.6432738304138184
1.0	2.7415783405303955
2.0	3.3474035263061523
3.0	3.9660606384277344
4.0	4.259771347045898
2.0	4.097498893737793
3.0	3.964369773864746
4.0	4.248042106628418
2.0	3.4546141624450684
2.0	3.441850185394287
3.0	3.820192575454712
4.0	4.173099517822266
3.0	3.3530800342559814
2.0	3.1465790271759033
3.0	4.043797016143799
3.0	4.066369533538818
3.0	4.192357540130615
3.0	4.047460079193115
2.0	3.6633288860321045
2.0	3.868361711502075
4.0	4.281926155090332
2.0	3.379439115524292
3.0	3.721985101699829
3.0	4.158667087554932
3.0	3.9830942153930664
3.0	4.292634010314941
4.0	4.237379550933838
4.0	4.097047805786133
2.0	3.736647605895996
3.0	4.136933326721191
4.0	4.2464399337768555
2.0	3.111746311187744
3.0	3.8112714290618896
3.0	4.013640880584717
4.0	4.1228413581848145
5.0	4.240216255187988
2.0	3.4520623683929443
3.0	4.107524871826172
3.0	4.0188775062561035
4.0	3.9780704975128174
2.0	3.84040904045105
3.0	3.824760913848877
4.0	3.929306983947754
5.0	4.177691459655762
4.0	3.8218493461608887
4.0	4.234251976013184
3.0	3.4992306232452393
3.0	3.9175946712493896
3.0	4.194293022155762
4.0	4.0641584396362305
3.0	4.142980098724365
3.0	3.7156105041503906
2.0	3.6073079109191895
3.0	3.8883633613586426
4.0	4.203105926513672
3.0	4.071385383605957
4.0	4.257184982299805
4.0	4.06998348236084
3.0	4.113623142242432
3.0	3.8520517349243164
4.0	4.208897590637207
3.0	3.653193235397339
3.0	4.231255054473877
3.0	3.4984021186828613
3.0	4.160813331604004
4.0	3.7699732780456543
4.0	4.277712821960449
3.0	4.184577941894531
4.0	4.253984451293945
3.0	3.4143404960632324
3.0	4.158572673797607
4.0	4.243527412414551
3.0	3.868387222290039
4.0	4.242694854736328
3.0	4.181135654449463
3.0	4.169748306274414
2.0	3.172656297683716
3.0	3.9208757877349854
4.0	4.07188081741333
4.0	3.7194035053253174
4.0	3.963864326477051
3.0	4.092888832092285
4.0	4.299739837646484
2.0	4.012502193450928
2.0	3.1496074199676514
3.0	4.162154197692871
3.0	3.5003156661987305
3.0	4.0391316413879395
3.0	3.873939037322998
4.0	4.210721492767334
4.0	4.159773826599121
1.0	2.6416797637939453
3.0	3.8535678386688232
4.0	4.175588607788086
2.0	3.614375591278076
1.0	2.4149248600006104
4.0	4.161981105804443
4.0	4.262636661529541
2.0	3.1300106048583984
1.0	2.411984443664551
2.0	3.7100064754486084
3.0	4.162168979644775
3.0	3.9917304515838623
3.0	4.2994537353515625
2.0	3.1436851024627686
3.0	3.8019042015075684
3.0	4.104628562927246
3.0	4.203547954559326
4.0	4.274801731109619
3.0	4.257410526275635
3.0	3.5790557861328125
1.0	2.7320058345794678
3.0	4.122143268585205
2.0	2.977646589279175
3.0	4.249729156494141
4.0	4.266897678375244
3.0	3.943356990814209
4.0	4.236588954925537
4.0	3.3819832801818848
4.0	4.155630111694336
4.0	4.247339725494385
3.0	4.046999454498291
3.0	4.171371936798096
4.0	4.134268283843994
3.0	4.012720108032227
3.0	4.175722599029541
2.0	3.3050150871276855
4.0	4.206959247589111
3.0	3.958158016204834
2.0	3.9838368892669678
3.0	4.170215606689453
4.0	4.207177639007568
3.0	4.254649639129639
3.0	4.21651029586792
2.0	3.2242751121520996
3.0	4.236494064331055
4.0	4.231756210327148
4.0	3.9412527084350586
3.0	3.7423839569091797
3.0	3.863924741744995
2.0	4.1753010749816895
3.0	4.045248985290527
3.0	4.013923645019531
4.0	3.622323751449585
2.0	3.99761962890625
5.0	4.251387596130371
4.0	4.247403144836426
2.0	4.124274253845215
3.0	4.079787254333496
2.0	3.746511697769165
3.0	4.039153099060059
3.0	3.580233097076416
4.0	4.30162239074707
4.0	4.276505470275879
4.0	4.162678241729736
3.0	3.774834632873535
3.0	4.067675590515137
2.0	3.783660411834717
3.0	3.762061357498169
3.0	3.805359363555908
3.0	4.237189292907715
4.0	3.942762851715088
3.0	4.199407577514648
3.0	4.2093658447265625
3.0	4.286782264709473
4.0	4.241545677185059
3.0	4.174569606781006
2.0	3.686086654663086
3.0	4.098226547241211
3.0	4.18998384475708
4.0	4.262178897857666
3.0	4.0446977615356445
2.0	3.699303388595581
2.0	3.5863752365112305
3.0	4.008289337158203
4.0	4.156218528747559
2.0	3.567258834838867
4.0	4.228254795074463
2.0	3.272177219390869
4.0	4.2622599601745605
3.0	3.9123282432556152
3.0	4.102742671966553
4.0	3.774977922439575
2.0	3.3125643730163574
2.0	3.8572285175323486
3.0	4.138879776000977
2.0	3.672999620437622
2.0	3.5867698192596436
3.0	4.184274673461914
3.0	3.8544342517852783
2.0	3.5806050300598145
3.0	4.29873514175415
