label	pred
4.0	5.173485279083252
5.0	5.610146999359131
5.0	5.596545696258545
4.0	4.823939323425293
3.0	3.975106954574585
3.0	4.317814826965332
1.0	1.5239641666412354
3.0	4.107306957244873
3.0	3.9647634029388428
2.0	2.71816349029541
3.0	4.030070781707764
3.0	3.9932477474212646
4.0	4.809630870819092
2.0	3.037088632583618
1.0	1.9431759119033813
4.0	4.837922096252441
3.0	4.334132194519043
4.0	4.98067569732666
3.0	4.129072666168213
2.0	3.062953233718872
1.0	2.0864944458007812
3.0	3.852303981781006
2.0	2.840427875518799
3.0	3.8655242919921875
3.0	3.9657018184661865
3.0	4.2779154777526855
3.0	4.28256893157959
3.0	3.9682109355926514
3.0	4.228247165679932
4.0	4.776490211486816
4.0	4.812050819396973
3.0	4.238708019256592
2.0	3.021308660507202
3.0	3.6104235649108887
3.0	3.9416403770446777
3.0	3.9007115364074707
0.0	0.5102007985115051
4.0	4.729300022125244
3.0	4.284106731414795
4.0	4.634571552276611
4.0	4.472538948059082
4.0	4.59517765045166
4.0	4.652311325073242
4.0	4.773656368255615
4.0	4.588073253631592
4.0	4.735328197479248
1.0	1.5982710123062134
3.0	3.8754522800445557
2.0	2.508747100830078
3.0	3.8100647926330566
3.0	3.505009174346924
4.0	4.70047664642334
3.0	3.2847888469696045
3.0	3.629695415496826
3.0	3.864543914794922
3.0	3.6029295921325684
2.0	2.252014398574829
2.0	2.613048553466797
3.0	3.628479480743408
3.0	4.4050612449646
2.0	2.2567389011383057
3.0	3.4101266860961914
4.0	4.72069787979126
3.0	3.7591590881347656
1.0	1.1120165586471558
3.0	3.350850820541382
3.0	3.2695653438568115
3.0	3.3150746822357178
3.0	3.494088649749756
3.0	3.4313864707946777
3.0	3.5554213523864746
3.0	3.2667689323425293
3.0	3.402036666870117
3.0	3.0354909896850586
3.0	3.168050765991211
4.0	4.395529747009277
3.0	3.718048572540283
3.0	3.3503901958465576
3.0	3.3197896480560303
4.0	4.5566487312316895
4.0	4.411586761474609
4.0	4.329878330230713
2.0	1.9879952669143677
3.0	3.088897943496704
3.0	3.1685538291931152
4.0	4.4967803955078125
2.0	2.0880746841430664
3.0	3.4833085536956787
3.0	3.2781949043273926
1.0	0.6937434077262878
4.0	4.1939496994018555
1.0	0.8579874038696289
3.0	2.8772644996643066
3.0	3.3322486877441406
3.0	3.5048770904541016
2.0	1.8854273557662964
4.0	4.007374286651611
3.0	3.13041353225708
3.0	3.15527081489563
3.0	3.088427782058716
3.0	3.2031633853912354
3.0	2.929419994354248
3.0	3.2271173000335693
3.0	3.1852240562438965
3.0	3.017987012863159
4.0	4.309205532073975
3.0	3.208003044128418
2.0	1.6748372316360474
3.0	3.624591112136841
4.0	4.4835710525512695
4.0	4.14454984664917
4.0	4.091561794281006
4.0	4.39529275894165
3.0	3.5058577060699463
4.0	4.260926723480225
4.0	3.7352724075317383
4.0	4.346864700317383
4.0	4.25998067855835
3.0	3.334218740463257
4.0	4.358980655670166
4.0	4.361669063568115
4.0	4.480010032653809
4.0	4.182366847991943
4.0	4.378527641296387
5.0	5.046640396118164
5.0	5.166274547576904
3.0	3.0188801288604736
4.0	4.480037689208984
4.0	4.439253807067871
1.0	0.385891854763031
3.0	3.096503496170044
4.0	4.420994281768799
2.0	2.107048988342285
3.0	2.7866616249084473
3.0	3.0896196365356445
4.0	4.288071155548096
3.0	3.011512041091919
2.0	1.9467251300811768
3.0	3.1511783599853516
3.0	3.075984001159668
3.0	3.140272617340088
4.0	4.248143196105957
0.0	-0.04690970852971077
2.0	2.002887725830078
4.0	4.425419330596924
3.0	3.498358726501465
4.0	4.4857892990112305
3.0	3.326000690460205
3.0	3.1381194591522217
4.0	4.429002285003662
4.0	4.372182846069336
3.0	3.014031171798706
3.0	3.29178786277771
4.0	4.224322319030762
1.0	0.587385892868042
3.0	3.1811652183532715
4.0	4.66281795501709
4.0	4.394188404083252
4.0	4.3810601234436035
5.0	5.283491134643555
3.0	3.0070266723632812
4.0	4.400501728057861
1.0	0.6009915471076965
3.0	3.398981809616089
3.0	3.2770779132843018
4.0	4.553528785705566
3.0	3.3025267124176025
3.0	3.2593185901641846
3.0	3.172299861907959
2.0	1.9097579717636108
4.0	4.747191429138184
3.0	3.5079023838043213
1.0	0.67086261510849
4.0	4.371790409088135
3.0	3.1977577209472656
3.0	3.4838707447052
4.0	4.584017753601074
3.0	3.2697200775146484
2.0	1.7230404615402222
3.0	3.483902931213379
2.0	2.118058443069458
2.0	1.9553178548812866
3.0	3.031637668609619
4.0	4.521704196929932
3.0	3.663648843765259
2.0	2.0427865982055664
3.0	3.094144821166992
2.0	1.9679630994796753
3.0	3.382732391357422
2.0	2.244619607925415
2.0	2.358605146408081
2.0	2.008119821548462
1.0	0.8536503911018372
2.0	2.058959484100342
3.0	3.5333781242370605
4.0	4.203981399536133
3.0	3.347132444381714
2.0	1.8864556550979614
3.0	3.3700602054595947
3.0	3.7784225940704346
2.0	2.0529351234436035
2.0	2.18489146232605
3.0	3.169661283493042
3.0	3.5963568687438965
1.0	0.7072646617889404
3.0	3.7115392684936523
3.0	3.3527708053588867
2.0	2.042473077774048
3.0	3.243727922439575
3.0	3.5341227054595947
2.0	2.0981640815734863
3.0	3.482225179672241
2.0	2.576071262359619
2.0	2.0972440242767334
4.0	4.843701362609863
3.0	3.6307973861694336
4.0	4.9223432540893555
3.0	3.6503825187683105
2.0	2.8342607021331787
2.0	2.3388478755950928
2.0	2.565636396408081
3.0	3.627610683441162
2.0	2.210432291030884
1.0	1.2930543422698975
2.0	2.8103067874908447
2.0	2.293247699737549
3.0	3.920931816101074
2.0	2.303603172302246
2.0	2.4717202186584473
2.0	2.1845903396606445
3.0	3.266704559326172
3.0	3.459538698196411
1.0	1.6338953971862793
1.0	1.8361473083496094
2.0	3.262624740600586
1.0	1.3351079225540161
2.0	2.5385994911193848
3.0	3.9046201705932617
2.0	2.517183303833008
1.0	1.3315143585205078
0.0	0.46271416544914246
2.0	2.5533127784729004
2.0	2.699427604675293
3.0	4.16045618057251
2.0	2.403109073638916
4.0	5.003415107727051
2.0	2.6612367630004883
1.0	1.1897451877593994
2.0	2.409761667251587
3.0	3.8100366592407227
3.0	3.9990272521972656
4.0	4.8755574226379395
2.0	3.029707908630371
3.0	4.105851650238037
1.0	1.210792899131775
1.0	1.3371902704238892
2.0	2.586637020111084
2.0	2.699902057647705
3.0	4.143347263336182
4.0	4.881359100341797
3.0	4.094732284545898
3.0	3.702562093734741
3.0	3.6524789333343506
2.0	2.9635331630706787
3.0	4.163579940795898
1.0	1.097407341003418
4.0	4.809592247009277
4.0	4.778651237487793
4.0	4.791821002960205
3.0	3.606355667114258
3.0	3.467607021331787
4.0	4.904746055603027
3.0	3.8226280212402344
3.0	3.8873019218444824
2.0	2.1155455112457275
2.0	2.7583866119384766
3.0	3.951800584793091
4.0	4.7556681632995605
2.0	2.492098808288574
3.0	3.700049877166748
4.0	4.755026817321777
3.0	4.072977542877197
4.0	4.730002403259277
2.0	2.963860034942627
3.0	3.6968038082122803
3.0	3.6740965843200684
3.0	3.9593634605407715
4.0	4.852811336517334
3.0	3.8484044075012207
3.0	3.773693084716797
3.0	3.501614570617676
3.0	3.669856548309326
2.0	2.322432041168213
3.0	4.129354000091553
2.0	2.8967881202697754
2.0	2.5864980220794678
2.0	2.635636329650879
3.0	3.6828453540802
1.0	1.4062296152114868
1.0	0.9002164006233215
4.0	4.710502624511719
5.0	5.462944507598877
4.0	4.645475387573242
3.0	3.6759347915649414
3.0	3.5351340770721436
3.0	3.8011081218719482
3.0	3.529222011566162
3.0	3.5493009090423584
4.0	4.701165199279785
3.0	3.8807313442230225
3.0	3.5263209342956543
3.0	3.7730278968811035
1.0	1.4801867008209229
2.0	2.325561761856079
3.0	3.733098030090332
3.0	3.5201215744018555
2.0	2.5003106594085693
1.0	1.1624141931533813
2.0	2.312528610229492
1.0	1.1244195699691772
3.0	3.765869379043579
3.0	3.5898377895355225
3.0	3.829824924468994
2.0	2.3788256645202637
4.0	4.6956024169921875
4.0	4.610992431640625
1.0	1.2760080099105835
3.0	3.7681660652160645
3.0	3.5079703330993652
3.0	3.544032573699951
3.0	3.974679946899414
3.0	3.785609722137451
0.0	0.19951409101486206
4.0	4.908209323883057
3.0	3.729123115539551
5.0	5.302614688873291
4.0	4.641365051269531
3.0	3.490365505218506
3.0	3.9508259296417236
3.0	3.8043699264526367
4.0	4.713929176330566
3.0	3.8233349323272705
3.0	3.407942295074463
2.0	2.475548028945923
3.0	3.8758442401885986
2.0	2.2778024673461914
3.0	3.6012868881225586
4.0	4.552167892456055
4.0	4.68521785736084
3.0	3.7975950241088867
4.0	4.675655841827393
4.0	4.653046607971191
3.0	3.4263100624084473
3.0	3.992922067642212
2.0	2.431130886077881
2.0	2.7745134830474854
3.0	3.5785396099090576
1.0	1.3896093368530273
3.0	3.8322196006774902
4.0	4.547051906585693
