label	pred
4.0	3.6615724563598633
1.0	1.096024990081787
4.0	3.6520471572875977
4.0	3.444953203201294
3.0	2.8556549549102783
2.0	1.7566943168640137
2.0	2.305004358291626
2.0	1.9559166431427002
2.0	1.8773856163024902
3.0	3.381077766418457
3.0	3.036869764328003
3.0	3.0318963527679443
3.0	2.506955623626709
3.0	2.9306998252868652
3.0	2.63564395904541
4.0	3.7425014972686768
2.0	1.5424776077270508
3.0	2.6037161350250244
3.0	2.765995979309082
3.0	3.2005605697631836
4.0	4.156218528747559
3.0	3.0479724407196045
2.0	2.1071889400482178
3.0	2.966066360473633
4.0	3.8898253440856934
4.0	3.8616273403167725
1.0	1.3270845413208008
2.0	2.431680679321289
3.0	3.8932301998138428
2.0	2.3557631969451904
3.0	3.1744863986968994
3.0	3.055694818496704
3.0	3.1828296184539795
2.0	1.8613888025283813
3.0	3.2621917724609375
2.0	2.2792470455169678
1.0	1.6399539709091187
3.0	3.166219711303711
3.0	2.977886438369751
3.0	3.2593307495117188
3.0	3.0655298233032227
2.0	2.309385299682617
4.0	4.182680130004883
1.0	1.4290118217468262
3.0	3.281111001968384
3.0	3.4972400665283203
3.0	2.8115580081939697
2.0	2.213826894760132
4.0	3.891235113143921
3.0	2.9557712078094482
4.0	3.8709726333618164
3.0	2.7968602180480957
3.0	3.391657590866089
4.0	4.1067705154418945
4.0	4.174361228942871
3.0	3.341378927230835
4.0	4.446811199188232
4.0	3.7973241806030273
4.0	3.9888837337493896
3.0	3.2302520275115967
3.0	3.1675355434417725
2.0	2.342860460281372
3.0	2.9659011363983154
4.0	4.5107526779174805
2.0	2.530864715576172
4.0	4.040363311767578
3.0	3.293022632598877
3.0	3.173224687576294
2.0	2.6242129802703857
4.0	3.6510446071624756
4.0	3.9977128505706787
3.0	3.0548593997955322
3.0	2.98818039894104
3.0	3.225550413131714
3.0	2.819822311401367
3.0	3.2074027061462402
3.0	2.757660150527954
3.0	3.1962602138519287
3.0	3.37959885597229
4.0	3.7328860759735107
3.0	3.2492055892944336
2.0	1.9966192245483398
4.0	3.9852993488311768
3.0	3.0696611404418945
3.0	2.925288200378418
3.0	3.1448655128479004
4.0	4.0826945304870605
2.0	1.6512690782546997
3.0	2.834106922149658
3.0	2.8978426456451416
4.0	3.614598035812378
3.0	3.0343382358551025
3.0	2.9447383880615234
4.0	3.927544593811035
3.0	3.1357195377349854
4.0	3.9502627849578857
3.0	2.9690515995025635
3.0	2.7050185203552246
3.0	3.1592695713043213
4.0	3.7752459049224854
4.0	4.152894020080566
3.0	2.67557692527771
3.0	2.665144443511963
2.0	1.009083867073059
3.0	2.8334405422210693
4.0	3.043855667114258
2.0	1.6319069862365723
4.0	3.269767999649048
3.0	2.118156909942627
3.0	2.3041834831237793
3.0	2.7942919731140137
4.0	3.23049259185791
3.0	2.4925408363342285
2.0	1.7151494026184082
3.0	2.7466397285461426
3.0	2.49027419090271
3.0	2.1619701385498047
3.0	2.9475643634796143
3.0	2.6859469413757324
2.0	1.346940517425537
3.0	2.2564868927001953
4.0	3.471381664276123
3.0	2.357805013656616
3.0	2.946748971939087
3.0	2.6398491859436035
2.0	1.2720353603363037
3.0	2.6115000247955322
3.0	3.0456411838531494
4.0	3.7752022743225098
4.0	3.497922897338867
3.0	2.453529119491577
3.0	2.599536418914795
4.0	3.365435838699341
3.0	2.1968891620635986
4.0	3.7732484340667725
4.0	2.9261534214019775
3.0	2.9293510913848877
3.0	3.323439598083496
3.0	3.5130062103271484
3.0	2.775879144668579
3.0	3.0068511962890625
2.0	1.5419542789459229
4.0	4.33891487121582
3.0	2.5889267921447754
3.0	3.2000961303710938
3.0	2.756330966949463
4.0	4.233035564422607
2.0	0.6357612013816833
4.0	3.6495907306671143
4.0	3.3017120361328125
4.0	3.9444003105163574
3.0	2.565735340118408
3.0	3.4843034744262695
3.0	3.1556856632232666
2.0	2.142355442047119
3.0	2.556736707687378
2.0	2.2184057235717773
3.0	2.4252874851226807
3.0	2.849156618118286
4.0	4.147594451904297
3.0	3.409700870513916
3.0	2.8536198139190674
1.0	2.174239158630371
3.0	2.2486069202423096
3.0	3.766771078109741
3.0	3.1266086101531982
3.0	3.291454553604126
4.0	3.8709158897399902
3.0	2.7105915546417236
3.0	3.0156397819519043
4.0	3.9428000450134277
4.0	4.205822467803955
3.0	2.6924657821655273
2.0	2.3392748832702637
3.0	2.8277058601379395
4.0	4.352487087249756
3.0	3.5604188442230225
4.0	4.351047515869141
4.0	4.387609958648682
3.0	2.944777250289917
3.0	3.0375638008117676
1.0	0.5973884463310242
1.0	1.1814582347869873
4.0	4.426310062408447
1.0	1.3870488405227661
1.0	0.9269821643829346
3.0	3.038630723953247
4.0	3.5561468601226807
3.0	3.6219825744628906
4.0	4.240225315093994
4.0	4.262805938720703
2.0	1.896521806716919
4.0	4.514214515686035
2.0	3.0842432975769043
3.0	4.070256233215332
2.0	2.211953639984131
3.0	3.252519369125366
3.0	2.577444314956665
4.0	3.977297782897949
4.0	3.6998982429504395
4.0	3.966602325439453
3.0	3.6477408409118652
3.0	2.963442802429199
3.0	3.169006109237671
3.0	3.2186412811279297
1.0	0.9189622402191162
3.0	3.3900110721588135
2.0	2.513218641281128
3.0	2.9885053634643555
3.0	3.0101873874664307
4.0	4.076511383056641
3.0	2.900348663330078
3.0	2.9828927516937256
3.0	2.7674200534820557
4.0	3.3916244506835938
3.0	3.086437702178955
3.0	2.7207770347595215
4.0	4.328063011169434
3.0	2.954962968826294
4.0	4.1743011474609375
4.0	4.409812927246094
5.0	4.6415863037109375
4.0	4.161075115203857
3.0	2.796482563018799
3.0	3.001469135284424
3.0	2.963625431060791
4.0	3.9689083099365234
5.0	4.239037036895752
3.0	2.964815139770508
3.0	2.7726752758026123
4.0	4.003808498382568
3.0	2.3398818969726562
4.0	3.977527618408203
3.0	2.7125210762023926
4.0	4.044086456298828
3.0	2.8638229370117188
3.0	2.730670690536499
3.0	3.035750389099121
2.0	2.054792881011963
3.0	3.049856662750244
3.0	2.7647640705108643
3.0	2.6532719135284424
3.0	2.573009967803955
3.0	2.4973809719085693
3.0	3.0528531074523926
3.0	2.7755353450775146
3.0	2.6315078735351562
3.0	2.953059196472168
3.0	2.661818504333496
3.0	2.7032501697540283
2.0	1.7242980003356934
3.0	2.893794536590576
2.0	2.2143516540527344
4.0	3.762868881225586
2.0	2.278667449951172
3.0	2.7109405994415283
3.0	2.697622299194336
3.0	3.173351526260376
4.0	3.7288589477539062
2.0	1.5364710092544556
3.0	2.989070415496826
3.0	3.00056529045105
3.0	3.0115697383880615
3.0	2.6777284145355225
3.0	2.415721893310547
3.0	2.8782453536987305
2.0	2.1306748390197754
3.0	2.8060860633850098
2.0	2.159097909927368
2.0	2.3288114070892334
2.0	1.8429532051086426
3.0	3.0677058696746826
3.0	3.3426690101623535
3.0	3.11733341217041
3.0	3.4084079265594482
2.0	1.5606038570404053
1.0	0.9796366691589355
3.0	3.4099762439727783
3.0	3.0330309867858887
3.0	3.283620834350586
3.0	3.248667001724243
3.0	2.6433064937591553
3.0	3.1912410259246826
3.0	2.850912094116211
3.0	2.7547240257263184
4.0	3.927415132522583
3.0	3.2135119438171387
2.0	2.411477565765381
3.0	3.017167806625366
2.0	1.9661270380020142
3.0	3.0175957679748535
3.0	2.8631863594055176
3.0	3.039980411529541
3.0	3.4696571826934814
3.0	3.1038978099823
3.0	3.2045440673828125
3.0	3.206048011779785
3.0	3.085014581680298
3.0	3.097913980484009
2.0	2.24019193649292
3.0	3.48533034324646
3.0	3.6514453887939453
2.0	2.6157119274139404
3.0	3.612457513809204
3.0	3.1680335998535156
3.0	3.8668372631073
2.0	2.05298113822937
3.0	2.9437222480773926
3.0	3.246037721633911
3.0	3.4540514945983887
1.0	1.1041018962860107
1.0	0.8703923225402832
3.0	3.77439022064209
3.0	3.2774839401245117
3.0	2.968916893005371
3.0	3.3043549060821533
3.0	3.3723299503326416
3.0	3.6603338718414307
3.0	3.1356875896453857
3.0	3.512273073196411
3.0	3.2094199657440186
3.0	3.516364097595215
2.0	2.237107753753662
3.0	3.287562370300293
3.0	3.921034097671509
3.0	3.2484326362609863
1.0	0.8624145984649658
4.0	4.618451118469238
4.0	4.577173709869385
3.0	3.404327630996704
3.0	3.586033821105957
3.0	3.3219683170318604
3.0	4.053553581237793
2.0	2.2492148876190186
2.0	3.130341053009033
3.0	3.59541916847229
3.0	3.1767959594726562
3.0	3.6088714599609375
3.0	3.1421592235565186
3.0	3.3030598163604736
3.0	3.1824135780334473
3.0	4.047107696533203
3.0	3.3286454677581787
3.0	3.094480037689209
2.0	2.220313787460327
2.0	1.9582571983337402
4.0	4.427896499633789
2.0	2.3875200748443604
3.0	3.1698944568634033
2.0	2.5670785903930664
2.0	1.8228545188903809
3.0	3.2023563385009766
3.0	2.638518810272217
3.0	3.3926172256469727
3.0	3.096278190612793
3.0	3.021754741668701
2.0	1.7586935758590698
3.0	3.2632648944854736
3.0	3.502896308898926
3.0	3.2389652729034424
