label	pred
2.0	2.8899059295654297
3.0	3.4352989196777344
4.0	4.181648254394531
3.0	3.24302077293396
4.0	4.2122602462768555
5.0	4.157110691070557
4.0	3.8016984462738037
3.0	3.410428285598755
2.0	1.4488983154296875
3.0	3.994964838027954
2.0	2.4410109519958496
3.0	3.484697103500366
2.0	2.4016830921173096
3.0	3.928415536880493
1.0	1.0775519609451294
3.0	3.761732578277588
2.0	1.766313910484314
3.0	3.6989197731018066
3.0	3.4576423168182373
4.0	3.6470437049865723
3.0	3.387219190597534
2.0	1.817718505859375
3.0	3.2278313636779785
4.0	4.031310558319092
3.0	3.3894617557525635
3.0	3.5481858253479004
3.0	3.7225170135498047
3.0	3.1941452026367188
3.0	3.751814126968384
4.0	4.500537872314453
3.0	3.9377236366271973
3.0	3.168635606765747
4.0	4.080681324005127
2.0	2.713175058364868
3.0	3.372302532196045
2.0	2.6489036083221436
3.0	3.6598241329193115
3.0	3.5099644660949707
3.0	3.671750545501709
3.0	3.065371036529541
2.0	1.9842092990875244
3.0	4.157654285430908
3.0	4.195269584655762
3.0	3.6638612747192383
2.0	2.2552709579467773
4.0	4.389377117156982
4.0	4.401420593261719
4.0	4.1332106590271
4.0	4.1150665283203125
3.0	3.8767786026000977
2.0	2.2741692066192627
3.0	3.6294472217559814
3.0	3.471006155014038
4.0	4.289274215698242
3.0	3.1660282611846924
3.0	2.80865740776062
3.0	3.6015865802764893
2.0	2.628135919570923
3.0	3.8099148273468018
4.0	4.246092319488525
5.0	4.221899509429932
4.0	3.7086141109466553
4.0	3.5852346420288086
3.0	3.008700370788574
3.0	4.023701190948486
4.0	3.719223737716675
3.0	3.6856493949890137
4.0	3.7791683673858643
4.0	3.6856014728546143
3.0	3.8707122802734375
3.0	3.5633480548858643
5.0	4.4047112464904785
3.0	3.1079530715942383
3.0	3.4706666469573975
4.0	3.8329830169677734
2.0	2.275148630142212
3.0	3.300750732421875
3.0	3.33996319770813
3.0	2.7454237937927246
4.0	4.257728576660156
5.0	4.313469886779785
3.0	3.6061038970947266
4.0	4.198798179626465
3.0	4.055441379547119
2.0	1.88457453250885
1.0	1.0601623058319092
4.0	3.8430094718933105
3.0	3.224766969680786
0.0	0.5234537124633789
3.0	2.7367331981658936
4.0	3.9744601249694824
3.0	3.197143077850342
3.0	3.186091899871826
3.0	3.2394497394561768
3.0	3.5334060192108154
3.0	3.653698205947876
1.0	1.3144973516464233
2.0	2.331908702850342
3.0	4.030219078063965
1.0	1.5207633972167969
3.0	3.3949413299560547
2.0	2.3000295162200928
4.0	3.9197092056274414
3.0	3.3260841369628906
3.0	3.3432979583740234
4.0	4.166209697723389
3.0	3.704974412918091
3.0	4.117946147918701
4.0	3.8399507999420166
5.0	4.266660213470459
3.0	3.8928704261779785
3.0	3.928579092025757
4.0	4.525180339813232
3.0	3.415574550628662
3.0	3.8144631385803223
3.0	4.0608110427856445
1.0	1.2048029899597168
2.0	3.8999133110046387
3.0	3.2626426219940186
3.0	3.280747890472412
3.0	3.6811838150024414
3.0	3.7000927925109863
4.0	4.359516143798828
2.0	2.568211555480957
3.0	3.7783961296081543
2.0	2.465441942214966
4.0	4.859458923339844
2.0	2.1391146183013916
3.0	3.605403184890747
4.0	4.603275775909424
5.0	4.565824031829834
4.0	4.233492851257324
4.0	3.87742018699646
3.0	3.6022520065307617
2.0	2.6559998989105225
0.0	0.12298965454101562
4.0	4.222955226898193
2.0	2.2163283824920654
3.0	3.87491512298584
3.0	3.7397658824920654
4.0	4.141690731048584
2.0	2.1917099952697754
2.0	2.828856945037842
3.0	3.6878135204315186
3.0	3.2063465118408203
4.0	4.275653839111328
3.0	3.0556273460388184
4.0	4.169631481170654
1.0	1.2963887453079224
4.0	4.01622200012207
3.0	3.817169189453125
2.0	2.8169474601745605
3.0	3.557741403579712
1.0	1.2760344743728638
4.0	4.176248073577881
0.0	0.9593473076820374
2.0	2.7876272201538086
3.0	3.460575819015503
3.0	3.3186659812927246
3.0	3.935969829559326
3.0	3.2293241024017334
3.0	3.973083257675171
2.0	1.937114953994751
3.0	3.6305220127105713
3.0	3.5150420665740967
2.0	2.286874532699585
3.0	3.2488391399383545
2.0	1.2025442123413086
3.0	3.8545169830322266
3.0	3.8011574745178223
3.0	4.205554962158203
4.0	3.993257522583008
2.0	2.887087821960449
3.0	3.6832008361816406
3.0	4.033987998962402
3.0	3.76210880279541
3.0	3.662395477294922
3.0	3.3175573348999023
4.0	4.368991851806641
1.0	1.2197645902633667
3.0	3.8789238929748535
3.0	3.97273325920105
4.0	4.00886344909668
3.0	3.9683072566986084
3.0	3.771277666091919
4.0	3.7475149631500244
3.0	3.7678587436676025
3.0	4.137511253356934
2.0	3.0666115283966064
3.0	3.8401994705200195
4.0	3.944139242172241
3.0	3.9236297607421875
3.0	3.696235418319702
4.0	4.306020259857178
2.0	2.824300527572632
3.0	3.627159595489502
3.0	3.921062707901001
3.0	3.1171905994415283
2.0	2.6373748779296875
4.0	3.7793586254119873
3.0	3.9364535808563232
4.0	4.468207836151123
3.0	3.761857032775879
3.0	3.986412286758423
3.0	3.8248913288116455
2.0	2.0679285526275635
3.0	4.144781589508057
4.0	4.583184719085693
4.0	4.357792377471924
3.0	3.8862297534942627
3.0	3.6773452758789062
3.0	4.362767219543457
3.0	3.813748359680176
4.0	4.215320110321045
3.0	3.8592183589935303
2.0	2.9723575115203857
3.0	3.256725788116455
4.0	4.235864162445068
0.0	0.5725126266479492
2.0	3.476170778274536
2.0	2.962024211883545
4.0	3.7741575241088867
3.0	3.8097541332244873
2.0	2.54085636138916
2.0	3.2980778217315674
3.0	3.88904070854187
4.0	3.904247760772705
3.0	3.4419636726379395
3.0	3.917557954788208
3.0	3.7486181259155273
3.0	4.1028265953063965
3.0	3.7191293239593506
4.0	4.178874492645264
3.0	3.7531323432922363
2.0	3.042313575744629
3.0	3.776442527770996
3.0	3.591794967651367
4.0	3.7691025733947754
2.0	2.7569735050201416
4.0	4.066006660461426
4.0	4.444244384765625
4.0	4.090088367462158
2.0	2.447573184967041
3.0	4.199700832366943
2.0	2.387042999267578
2.0	2.993436336517334
1.0	2.964965581893921
3.0	3.890777826309204
3.0	3.753671407699585
2.0	2.4991722106933594
1.0	1.9804526567459106
3.0	3.7972605228424072
3.0	3.5695736408233643
3.0	3.7693796157836914
3.0	3.6915223598480225
3.0	4.040766716003418
5.0	4.2909979820251465
3.0	3.8718972206115723
4.0	3.8305258750915527
1.0	1.3378078937530518
2.0	2.960148572921753
3.0	3.2005584239959717
3.0	3.3401291370391846
4.0	4.124904632568359
2.0	2.2708656787872314
2.0	1.9364893436431885
2.0	3.1584224700927734
4.0	3.9957499504089355
3.0	3.6299073696136475
4.0	4.241560935974121
3.0	3.4097330570220947
4.0	3.9172003269195557
2.0	2.8565990924835205
2.0	1.2497050762176514
2.0	3.22674560546875
3.0	3.6752052307128906
3.0	3.557783603668213
3.0	3.6682419776916504
2.0	3.369204521179199
2.0	2.776355028152466
3.0	3.6520564556121826
3.0	4.065064907073975
4.0	3.604653835296631
2.0	3.2339015007019043
4.0	3.748459577560425
1.0	2.828092098236084
2.0	3.714035749435425
2.0	3.308110475540161
4.0	4.422239303588867
3.0	3.4146618843078613
4.0	4.022885799407959
3.0	3.948979377746582
2.0	2.6011335849761963
2.0	3.396728038787842
2.0	2.3333852291107178
2.0	2.720720052719116
2.0	2.13754940032959
3.0	2.7403552532196045
4.0	3.585426092147827
4.0	4.3510637283325195
2.0	3.1681723594665527
2.0	3.0075337886810303
5.0	4.178648471832275
2.0	1.9212723970413208
4.0	4.089210510253906
1.0	1.0966707468032837
2.0	3.1454074382781982
3.0	3.3347251415252686
4.0	3.885988235473633
3.0	3.815372943878174
2.0	3.428539752960205
3.0	3.382030963897705
3.0	3.515911340713501
3.0	4.109447002410889
4.0	3.8735907077789307
5.0	4.5759735107421875
3.0	3.2700397968292236
3.0	3.4415905475616455
1.0	1.0378563404083252
3.0	3.541536569595337
4.0	3.8882460594177246
1.0	1.168620228767395
2.0	3.0426883697509766
4.0	4.159908294677734
4.0	3.796600580215454
2.0	1.6994414329528809
3.0	3.5894973278045654
3.0	3.808407783508301
2.0	2.7274904251098633
2.0	2.9773733615875244
3.0	3.6360597610473633
3.0	3.506304979324341
1.0	0.8876997232437134
3.0	3.798407793045044
3.0	3.350247383117676
2.0	2.5055785179138184
3.0	3.5438621044158936
3.0	3.2334072589874268
4.0	3.6676647663116455
4.0	3.8117611408233643
3.0	3.176926374435425
3.0	3.857841968536377
2.0	2.9910519123077393
3.0	3.567922830581665
3.0	3.8940212726593018
4.0	3.8766024112701416
2.0	1.7943482398986816
2.0	2.1974546909332275
3.0	2.787489891052246
5.0	3.9979517459869385
3.0	3.9201576709747314
4.0	4.046045303344727
3.0	3.4743869304656982
3.0	3.850665330886841
3.0	3.8905794620513916
3.0	3.711829900741577
3.0	3.9057600498199463
2.0	3.784907817840576
3.0	3.7260560989379883
5.0	4.5271897315979
