3.000000	2.991789
2.000000	2.999743
2.000000	2.967780
4.000000	3.038774
2.000000	3.008747
3.000000	3.028508
3.000000	3.043025
3.000000	3.024220
4.000000	3.026514
2.000000	3.019010
2.000000	3.029221
3.000000	3.025156
3.000000	3.040664
4.000000	3.003700
3.000000	3.010381
2.000000	3.030076
2.000000	2.982208
4.000000	3.038700
4.000000	3.038009
4.000000	3.036492
3.000000	3.002038
4.000000	3.037102
2.000000	2.987365
3.000000	3.010952
3.000000	3.038504
3.000000	3.001019
3.000000	3.026492
3.000000	3.041401
2.000000	3.031832
2.000000	2.981561
3.000000	3.008977
3.000000	3.022988
4.000000	3.036897
2.000000	3.005244
3.000000	3.036514
3.000000	3.027256
3.000000	3.023401
4.000000	3.039724
2.000000	2.985859
3.000000	2.985169
3.000000	3.011632
3.000000	2.986840
2.000000	2.977741
4.000000	3.037105
4.000000	3.038466
3.000000	3.011436
2.000000	2.983532
4.000000	3.026637
2.000000	3.001535
3.000000	3.037413
3.000000	3.038491
3.000000	3.038943
2.000000	3.011387
4.000000	3.040643
4.000000	3.017663
3.000000	3.000230
4.000000	3.038039
2.000000	2.963847
2.000000	2.989457
1.000000	2.967598
3.000000	3.039421
3.000000	3.042099
3.000000	3.039787
5.000000	3.040640
3.000000	3.016159
3.000000	2.989182
3.000000	3.008809
3.000000	3.038873
3.000000	3.003315
3.000000	3.007702
3.000000	3.038395
1.000000	3.026130
3.000000	3.026933
3.000000	3.026615
4.000000	3.037368
4.000000	3.010609
3.000000	3.026755
1.000000	2.945199
3.000000	3.033798
3.000000	2.989831
3.000000	3.036196
3.000000	3.039450
3.000000	3.038069
3.000000	3.012738
4.000000	3.035705
3.000000	3.011250
4.000000	3.039236
3.000000	3.009985
3.000000	3.010347
3.000000	3.040635
2.000000	3.008663
2.000000	2.982585
3.000000	3.039248
4.000000	3.037273
3.000000	3.010275
2.000000	2.965925
3.000000	3.041732
3.000000	3.007176
3.000000	3.009739
1.000000	2.968545
4.000000	3.040038
2.000000	2.991970
4.000000	3.039047
3.000000	3.042404
4.000000	3.039069
2.000000	2.964638
5.000000	3.036930
3.000000	3.019829
3.000000	3.040942
2.000000	3.026142
3.000000	3.030884
2.000000	2.981250
4.000000	2.998566
2.000000	2.990254
3.000000	3.025965
2.000000	3.026610
2.000000	2.999447
5.000000	3.037176
3.000000	3.040086
4.000000	3.039490
3.000000	2.980899
3.000000	3.029287
3.000000	2.989799
4.000000	3.040730
2.000000	3.034770
2.000000	3.033715
3.000000	3.039527
4.000000	3.040575
2.000000	2.993035
3.000000	3.038919
3.000000	3.024887
3.000000	3.039761
5.000000	3.035349
3.000000	3.040157
3.000000	3.035049
4.000000	3.041185
5.000000	3.041106
1.000000	2.942874
4.000000	3.039723
2.000000	2.992807
2.000000	2.989780
3.000000	3.022979
2.000000	3.025316
3.000000	3.026055
4.000000	3.024225
3.000000	2.980681
2.000000	2.977931
4.000000	3.030479
3.000000	3.040497
2.000000	2.965311
4.000000	3.038276
3.000000	3.036949
2.000000	2.986668
1.000000	2.969417
3.000000	3.025839
3.000000	3.038716
2.000000	3.009873
3.000000	3.028244
3.000000	3.026904
2.000000	2.949913
3.000000	3.024920
2.000000	3.003949
3.000000	3.025635
3.000000	2.988874
3.000000	3.006430
2.000000	3.010566
3.000000	2.985909
1.000000	2.964816
1.000000	2.967360
3.000000	3.037506
3.000000	3.038362
2.000000	3.009090
3.000000	3.011848
3.000000	3.039708
3.000000	3.040931
2.000000	2.982933
3.000000	3.037602
4.000000	3.039512
4.000000	3.038890
3.000000	3.037086
4.000000	3.029792
3.000000	3.038699
2.000000	3.037682
1.000000	2.997141
2.000000	3.000833
2.000000	2.968615
3.000000	3.040211
1.000000	2.958112
2.000000	2.964056
3.000000	3.028649
3.000000	3.028584
2.000000	3.024456
2.000000	2.975762
4.000000	3.029611
3.000000	3.026803
3.000000	2.999571
3.000000	3.033487
3.000000	2.999978
3.000000	3.037750
1.000000	2.962822
2.000000	3.008407
3.000000	3.040322
4.000000	3.038204
3.000000	3.025161
2.000000	2.975002
4.000000	3.037635
2.000000	3.000571
4.000000	3.008567
2.000000	2.977839
2.000000	3.033020
5.000000	3.037327
3.000000	3.039251
3.000000	3.009953
5.000000	3.034961
4.000000	3.038970
4.000000	3.040340
3.000000	3.028410
2.000000	3.015854
3.000000	3.005936
4.000000	3.042823
4.000000	3.038339
2.000000	2.982923
1.000000	2.943813
3.000000	3.008017
3.000000	3.025946
3.000000	3.002421
1.000000	2.963101
5.000000	3.039710
5.000000	3.036293
4.000000	3.035331
2.000000	2.991069
2.000000	2.965841
2.000000	3.009989
5.000000	3.038461
2.000000	3.010525
3.000000	3.038059
4.000000	3.037872
4.000000	3.009220
3.000000	2.986482
2.000000	2.966137
2.000000	2.986095
3.000000	2.995513
3.000000	3.030866
4.000000	3.039195
3.000000	3.010608
2.000000	2.980761
3.000000	3.031760
3.000000	3.009207
1.000000	2.971586
4.000000	3.037884
4.000000	3.037221
3.000000	3.008680
5.000000	3.040248
3.000000	3.002573
4.000000	3.039315
3.000000	3.009327
3.000000	3.000837
3.000000	3.041991
2.000000	2.982798
3.000000	3.022961
3.000000	3.009595
3.000000	2.999391
4.000000	3.037367
4.000000	3.036613
2.000000	3.000714
3.000000	3.014244
3.000000	3.026008
5.000000	3.041888
2.000000	2.986895
4.000000	3.038875
2.000000	3.001590
3.000000	3.041991
3.000000	3.024757
3.000000	3.026402
3.000000	3.025854
3.000000	3.003761
3.000000	3.012394
2.000000	3.018495
3.000000	3.041334
3.000000	2.982003
2.000000	3.006121
2.000000	3.025484
4.000000	3.037925
1.000000	2.963363
3.000000	3.009312
3.000000	3.025768
4.000000	3.010788
3.000000	2.999868
2.000000	2.994385
2.000000	3.038045
4.000000	3.039094
3.000000	3.037636
3.000000	3.009674
3.000000	3.040597
4.000000	3.026604
3.000000	3.002042
3.000000	3.011895
4.000000	3.037375
2.000000	3.018237
4.000000	3.039503
4.000000	3.038997
4.000000	3.039965
3.000000	3.009681
2.000000	2.991003
1.000000	2.963486
2.000000	2.987466
3.000000	3.025150
3.000000	3.034188
3.000000	3.001478
2.000000	3.026977
3.000000	3.026706
3.000000	2.986111
4.000000	3.039863
3.000000	3.009261
3.000000	3.002151
4.000000	3.009627
2.000000	3.040040
3.000000	3.036026
4.000000	3.039514
3.000000	2.990271
3.000000	3.029744
3.000000	3.024048
3.000000	3.026595
2.000000	3.002323
3.000000	2.977325
3.000000	3.024489
4.000000	3.041617
4.000000	3.040105
4.000000	3.037799
3.000000	3.037658
3.000000	3.002853
3.000000	3.017934
3.000000	3.026485
4.000000	3.040192
1.000000	2.983241
1.000000	2.941216
3.000000	3.033351
3.000000	3.000169
3.000000	3.025529
3.000000	3.008382
3.000000	3.025934
3.000000	3.017675
3.000000	3.011338
3.000000	3.008951
3.000000	3.026876
4.000000	3.002224
1.000000	2.963925
4.000000	3.040275
3.000000	3.006001
3.000000	3.029269
3.000000	3.038208
3.000000	3.007716
3.000000	3.025890
4.000000	3.039831
3.000000	3.010058
3.000000	3.037964
3.000000	3.039442
3.000000	3.026963
3.000000	3.010497
4.000000	3.039308
