label	pred
4.0	4.775503635406494
4.0	4.868983745574951
5.0	5.436095237731934
4.0	4.719303131103516
4.0	4.9942803382873535
2.0	2.1524100303649902
1.0	1.2073277235031128
3.0	3.8507308959960938
3.0	3.6386256217956543
3.0	4.04616641998291
4.0	5.02065896987915
3.0	3.541170120239258
4.0	4.54299259185791
2.0	1.8793549537658691
2.0	2.4385876655578613
4.0	4.74925422668457
3.0	3.4616506099700928
4.0	4.876079082489014
3.0	3.48746919631958
1.0	1.0709658861160278
1.0	1.1507270336151123
3.0	3.856116533279419
3.0	3.812305212020874
2.0	1.8435319662094116
3.0	3.370253562927246
3.0	3.674487352371216
4.0	4.712233543395996
3.0	3.6171884536743164
2.0	2.0089550018310547
3.0	3.833007335662842
4.0	4.849377155303955
4.0	4.694791316986084
2.0	2.1326465606689453
3.0	3.717700719833374
4.0	4.60369873046875
4.0	4.757814884185791
0.0	0.00846849288791418
4.0	4.815014362335205
3.0	3.382054328918457
3.0	3.4992618560791016
4.0	4.404259204864502
4.0	4.7022385597229
4.0	4.634145259857178
4.0	4.466425895690918
4.0	4.577864646911621
3.0	3.651169538497925
1.0	1.3177571296691895
3.0	3.7783467769622803
3.0	3.633469581604004
3.0	3.624087333679199
3.0	3.199821949005127
4.0	4.560295581817627
2.0	2.2018115520477295
4.0	4.639097213745117
2.0	1.9712090492248535
3.0	3.4912679195404053
2.0	2.073335647583008
2.0	2.2263755798339844
3.0	3.3097782135009766
3.0	3.4455149173736572
3.0	3.335538387298584
3.0	3.2752668857574463
3.0	3.2675633430480957
3.0	3.423584461212158
1.0	1.0823984146118164
3.0	3.375887155532837
4.0	4.56357479095459
2.0	2.097275733947754
4.0	4.406867027282715
2.0	1.9992015361785889
3.0	3.374840259552002
2.0	2.0228469371795654
2.0	2.4315695762634277
4.0	4.635608673095703
3.0	3.3606150150299072
3.0	3.4708924293518066
3.0	3.321460723876953
4.0	4.130111217498779
3.0	3.2506062984466553
4.0	4.419787406921387
2.0	2.0729851722717285
3.0	3.314663887023926
1.0	1.0372464656829834
2.0	2.040769338607788
3.0	3.2433969974517822
5.0	5.2031168937683105
3.0	3.127411365509033
3.0	3.3409461975097656
3.0	3.426985740661621
2.0	2.3703994750976562
4.0	4.277878284454346
1.0	1.1058920621871948
3.0	3.22922945022583
3.0	3.3518340587615967
4.0	4.383386611938477
3.0	3.504425048828125
4.0	4.579126358032227
2.0	2.0542945861816406
3.0	3.1448044776916504
2.0	2.051124095916748
3.0	3.2712643146514893
4.0	4.316878318786621
4.0	4.260730266571045
4.0	4.170632362365723
2.0	2.0420398712158203
4.0	4.458180904388428
3.0	3.3791801929473877
2.0	1.9662461280822754
3.0	3.315176248550415
4.0	4.341463088989258
4.0	4.178788661956787
3.0	3.3323636054992676
3.0	3.2112197875976562
3.0	3.207350015640259
3.0	3.3094582557678223
4.0	4.162085056304932
4.0	4.5349602699279785
3.0	3.352140426635742
3.0	3.467832565307617
4.0	4.34356164932251
4.0	4.19195032119751
4.0	4.292511940002441
4.0	4.212051868438721
5.0	5.1595258712768555
5.0	5.196373462677002
4.0	4.28619384765625
3.0	3.235898494720459
4.0	4.354008197784424
4.0	4.071055889129639
1.0	0.9077269434928894
2.0	2.034705638885498
3.0	3.3461556434631348
2.0	2.0715737342834473
3.0	3.5927112102508545
3.0	3.3568544387817383
4.0	4.253113746643066
3.0	3.358464241027832
2.0	2.1590442657470703
4.0	4.372918605804443
3.0	3.25270938873291
3.0	3.3801960945129395
4.0	4.412582874298096
0.0	0.26922088861465454
2.0	1.968334674835205
4.0	4.203883171081543
3.0	3.494154214859009
4.0	4.180896282196045
3.0	3.127903938293457
3.0	3.147243022918701
3.0	3.5387015342712402
4.0	4.018294334411621
3.0	3.205467939376831
3.0	3.216869592666626
3.0	3.2513344287872314
1.0	1.1585323810577393
3.0	3.1592893600463867
4.0	4.188435077667236
3.0	3.2587931156158447
4.0	4.299491882324219
4.0	4.611029624938965
3.0	3.321962356567383
4.0	4.217204570770264
1.0	1.2187919616699219
3.0	2.9487900733947754
3.0	3.5411360263824463
3.0	3.3288629055023193
3.0	3.2214910984039307
3.0	3.4136276245117188
3.0	3.340683937072754
3.0	3.450974941253662
4.0	4.327300071716309
2.0	2.1551058292388916
1.0	1.3182270526885986
3.0	3.4238405227661133
3.0	3.41141414642334
3.0	3.3711721897125244
3.0	3.231327533721924
3.0	3.406879425048828
3.0	3.4694366455078125
2.0	2.1662871837615967
2.0	1.9969590902328491
2.0	2.329967737197876
3.0	3.4963433742523193
3.0	3.4232025146484375
3.0	3.363044500350952
2.0	1.8284114599227905
3.0	3.5246827602386475
3.0	3.455594062805176
2.0	2.1985342502593994
2.0	2.2519352436065674
2.0	2.3349392414093018
3.0	3.3229174613952637
2.0	2.577026844024658
3.0	3.4119555950164795
2.0	2.168811321258545
2.0	2.085963487625122
2.0	3.02245831489563
2.0	2.3091700077056885
4.0	4.402456760406494
4.0	4.6606974601745605
2.0	2.5061464309692383
2.0	2.5610005855560303
3.0	3.422698497772217
3.0	3.5794360637664795
1.0	1.6859567165374756
2.0	2.3171627521514893
4.0	4.516970634460449
3.0	3.865334987640381
3.0	3.620802402496338
3.0	3.661236524581909
2.0	2.340212345123291
3.0	3.7349133491516113
3.0	3.714179515838623
2.0	1.9573111534118652
3.0	3.570272922515869
3.0	3.5638935565948486
4.0	4.480032920837402
4.0	4.680490493774414
3.0	3.235468864440918
3.0	4.1542277336120605
2.0	2.573725700378418
3.0	3.5589303970336914
3.0	3.891284465789795
2.0	3.02252197265625
3.0	3.8009226322174072
3.0	3.714413642883301
2.0	2.5758249759674072
2.0	2.8894271850585938
3.0	4.023411273956299
3.0	3.6911301612854004
2.0	2.4703328609466553
3.0	3.6408474445343018
2.0	2.6270384788513184
1.0	1.569383144378662
2.0	2.494156837463379
2.0	2.5150861740112305
2.0	2.5810983180999756
3.0	3.947096586227417
3.0	3.748922824859619
1.0	1.9630109071731567
0.0	0.8574936389923096
3.0	3.7652840614318848
3.0	3.6060099601745605
3.0	3.7893552780151367
2.0	2.4501705169677734
3.0	3.747575283050537
1.0	1.5250446796417236
2.0	2.7871897220611572
2.0	2.8087728023529053
3.0	3.876899242401123
3.0	3.8666844367980957
3.0	3.786322832107544
3.0	3.9708516597747803
2.0	2.658975124359131
0.0	0.7488479018211365
2.0	2.6167500019073486
3.0	3.5591602325439453
2.0	2.555032253265381
3.0	3.6928842067718506
4.0	4.8854217529296875
3.0	3.9854953289031982
4.0	4.904661655426025
3.0	4.082638263702393
2.0	3.1804685592651367
4.0	4.8284687995910645
1.0	1.644131064414978
4.0	4.87321138381958
3.0	3.748549222946167
3.0	3.7149288654327393
3.0	3.768148899078369
3.0	3.866140842437744
3.0	3.94775128364563
2.0	2.4437577724456787
4.0	4.9871826171875
3.0	3.7813148498535156
2.0	2.724437713623047
2.0	2.4354782104492188
3.0	3.65568208694458
3.0	3.930628776550293
3.0	3.7310595512390137
4.0	5.030572891235352
3.0	3.625211715698242
4.0	4.852036952972412
3.0	3.8490793704986572
3.0	3.9491963386535645
3.0	3.594022274017334
3.0	4.356505393981934
4.0	4.910750865936279
3.0	3.914989471435547
3.0	3.554109573364258
4.0	4.867932319641113
3.0	3.738715171813965
2.0	2.5903749465942383
2.0	2.336729049682617
2.0	2.749152898788452
3.0	4.13991641998291
2.0	2.3301055431365967
3.0	3.5982933044433594
0.0	0.38815316557884216
1.0	1.416182041168213
3.0	3.803131103515625
5.0	5.500934600830078
3.0	3.779031753540039
3.0	3.6203806400299072
3.0	3.8227639198303223
3.0	3.7168397903442383
3.0	3.668210506439209
4.0	4.886413097381592
4.0	4.71613073348999
3.0	3.7819111347198486
3.0	3.5117478370666504
2.0	2.24316668510437
1.0	1.1624090671539307
2.0	2.4080920219421387
3.0	3.6212494373321533
3.0	3.5666351318359375
2.0	2.5711781978607178
1.0	1.2430498600006104
2.0	2.081850290298462
2.0	2.1372714042663574
3.0	3.595722198486328
3.0	3.6739630699157715
4.0	4.820472717285156
2.0	2.2698092460632324
3.0	3.605217933654785
4.0	4.584571361541748
2.0	2.0424444675445557
3.0	3.7641053199768066
2.0	2.3690948486328125
3.0	3.600275993347168
2.0	2.306495189666748
2.0	2.524090528488159
0.0	0.656211793422699
4.0	4.541020393371582
3.0	3.5038886070251465
4.0	4.773738861083984
4.0	5.013913154602051
3.0	3.716306447982788
3.0	3.6556243896484375
3.0	3.500271797180176
2.0	2.371093988418579
2.0	2.64638090133667
3.0	3.6073288917541504
1.0	1.073469877243042
3.0	3.6909422874450684
3.0	4.010059833526611
4.0	4.586022853851318
4.0	4.6940226554870605
4.0	4.82562255859375
2.0	2.508744716644287
2.0	2.752640724182129
4.0	4.66602087020874
3.0	3.669602155685425
3.0	3.585524320602417
2.0	2.3462769985198975
2.0	2.3375556468963623
3.0	3.801908493041992
1.0	1.5137971639633179
3.0	4.028273582458496
4.0	4.6640801429748535
