label	pred
3.0	2.112131357192993
2.0	2.4479494094848633
2.0	1.4971644878387451
4.0	3.595560312271118
2.0	3.023951768875122
3.0	2.912623405456543
3.0	3.803513765335083
3.0	3.090698719024658
4.0	2.979092597961426
2.0	2.9695441722869873
2.0	2.8867361545562744
3.0	3.0119788646698
3.0	3.0387444496154785
4.0	2.4779858589172363
3.0	2.450704574584961
2.0	3.236631393432617
2.0	2.1573259830474854
4.0	3.986461639404297
4.0	3.1144866943359375
4.0	3.9004974365234375
3.0	2.812997341156006
4.0	3.960570812225342
2.0	2.2816858291625977
3.0	2.3700432777404785
3.0	2.782050132751465
3.0	2.6593053340911865
3.0	3.118879795074463
3.0	4.119688987731934
2.0	3.4271912574768066
2.0	2.1156387329101562
3.0	2.8443028926849365
3.0	2.7206833362579346
4.0	3.7833173274993896
2.0	2.6976516246795654
3.0	3.63926362991333
3.0	3.0053608417510986
3.0	2.820416212081909
4.0	3.933469295501709
2.0	2.332395553588867
3.0	2.3786635398864746
3.0	2.62386417388916
3.0	2.2316040992736816
2.0	2.0681703090667725
4.0	3.796905279159546
4.0	3.901353120803833
3.0	2.848890781402588
2.0	2.1108365058898926
4.0	3.042949676513672
2.0	2.2700655460357666
3.0	4.045528888702393
3.0	3.479642629623413
3.0	3.3720905780792236
2.0	2.8135290145874023
4.0	3.859225273132324
4.0	2.9379849433898926
3.0	2.562452554702759
4.0	3.683692455291748
2.0	1.5235401391983032
2.0	2.106325387954712
1.0	1.8482868671417236
3.0	3.6474201679229736
3.0	3.6630194187164307
3.0	3.688368558883667
5.0	3.5932841300964355
3.0	3.2348949909210205
3.0	2.371966600418091
3.0	3.0501365661621094
3.0	3.732217311859131
3.0	2.8333914279937744
3.0	2.578310966491699
3.0	3.509840488433838
1.0	2.9380435943603516
3.0	3.3249125480651855
3.0	3.1189966201782227
4.0	3.7599170207977295
4.0	3.0418624877929688
3.0	2.9626989364624023
1.0	2.148285388946533
3.0	2.954099416732788
3.0	2.2760446071624756
3.0	3.640869617462158
3.0	3.208122968673706
3.0	3.8778109550476074
3.0	3.030825614929199
4.0	3.7205684185028076
3.0	2.8822290897369385
4.0	3.764232635498047
3.0	2.740135669708252
3.0	2.623274087905884
3.0	3.5432190895080566
2.0	2.491852283477783
2.0	2.2913362979888916
3.0	3.6149730682373047
4.0	3.7443764209747314
3.0	2.286271810531616
2.0	1.6990073919296265
3.0	3.523900032043457
3.0	3.0965521335601807
3.0	2.4095146656036377
1.0	1.948668360710144
4.0	3.8187859058380127
2.0	2.82898211479187
4.0	4.008947849273682
3.0	3.5689570903778076
4.0	3.8149139881134033
2.0	1.9102561473846436
5.0	3.6274678707122803
3.0	3.0290682315826416
3.0	3.4474973678588867
2.0	2.969081163406372
3.0	3.4753870964050293
2.0	2.443861961364746
4.0	2.454617500305176
2.0	2.420536518096924
3.0	3.0956594944000244
2.0	3.3885059356689453
2.0	2.8805065155029297
5.0	4.151871681213379
3.0	3.789881706237793
4.0	4.063559055328369
3.0	2.356301784515381
3.0	3.43434739112854
3.0	2.398966073989868
4.0	3.7082061767578125
2.0	3.531510591506958
2.0	2.9734561443328857
3.0	3.559486150741577
4.0	3.599090814590454
2.0	1.9734058380126953
3.0	4.010514259338379
3.0	2.9153130054473877
3.0	3.8190953731536865
5.0	3.6049916744232178
3.0	3.5390727519989014
3.0	3.7353785037994385
4.0	4.3855299949646
5.0	3.7651591300964355
1.0	0.8484516143798828
4.0	3.6734373569488525
2.0	2.5228660106658936
2.0	2.8504393100738525
3.0	2.7744932174682617
2.0	2.871549129486084
3.0	2.7776458263397217
4.0	3.1151840686798096
3.0	2.3497891426086426
2.0	1.9318028688430786
4.0	3.586667060852051
3.0	3.5031843185424805
2.0	1.8991469144821167
4.0	3.6390182971954346
3.0	3.6618311405181885
2.0	2.1360671520233154
1.0	2.0265936851501465
3.0	3.113548755645752
3.0	3.97122859954834
2.0	2.8337767124176025
3.0	2.998670816421509
3.0	3.226105213165283
2.0	0.8758071660995483
3.0	3.210543394088745
2.0	2.6494498252868652
3.0	3.0293705463409424
3.0	2.423307418823242
3.0	2.621262550354004
2.0	2.7843313217163086
3.0	2.2514002323150635
1.0	1.671618938446045
1.0	2.302971601486206
3.0	3.3435781002044678
3.0	3.131772518157959
2.0	2.933973550796509
3.0	2.722743034362793
3.0	3.631502628326416
3.0	3.4187190532684326
2.0	1.7064069509506226
3.0	4.196381092071533
4.0	4.149954795837402
4.0	3.7495548725128174
3.0	3.5010154247283936
4.0	2.8884055614471436
3.0	3.7225241661071777
2.0	4.010785102844238
1.0	2.660133123397827
2.0	2.840397834777832
2.0	1.9179376363754272
3.0	3.544064998626709
1.0	1.6715224981307983
2.0	1.7498496770858765
3.0	3.0604677200317383
3.0	3.0664520263671875
2.0	2.8964879512786865
2.0	1.7625646591186523
4.0	2.950500965118408
3.0	2.8753468990325928
3.0	2.905970573425293
3.0	3.212446689605713
3.0	2.195842981338501
3.0	3.9862220287323
1.0	1.4354623556137085
2.0	2.6038472652435303
3.0	3.526601791381836
4.0	3.4943315982818604
3.0	2.840609550476074
2.0	1.9237004518508911
4.0	3.639166831970215
2.0	2.692903995513916
4.0	2.4887402057647705
2.0	2.2185447216033936
2.0	2.9499614238739014
5.0	3.912226438522339
3.0	3.668308734893799
3.0	2.591594934463501
5.0	4.059913635253906
4.0	3.6450798511505127
4.0	3.7435860633850098
3.0	2.7963812351226807
2.0	2.501530408859253
3.0	3.1215572357177734
4.0	3.987513303756714
4.0	3.689444065093994
2.0	2.2016782760620117
1.0	0.7920231223106384
3.0	2.4804303646087646
3.0	2.9503374099731445
3.0	2.5551066398620605
1.0	1.8596388101577759
5.0	3.697685480117798
5.0	4.081473350524902
4.0	4.013679027557373
2.0	2.530276298522949
2.0	1.4968087673187256
2.0	2.9463188648223877
5.0	3.7803242206573486
2.0	2.9034812450408936
3.0	3.0922632217407227
4.0	3.9463231563568115
4.0	3.0579276084899902
3.0	2.3555285930633545
2.0	1.8961249589920044
2.0	2.2474727630615234
3.0	2.9267640113830566
3.0	3.3222694396972656
4.0	3.691770553588867
3.0	2.6946933269500732
2.0	2.71630597114563
3.0	3.0157241821289062
3.0	2.5316684246063232
1.0	2.1982409954071045
4.0	3.7379305362701416
4.0	4.11382532119751
3.0	2.7617177963256836
5.0	3.6876237392425537
3.0	2.4944534301757812
4.0	3.6408963203430176
3.0	2.8924429416656494
3.0	2.630506992340088
3.0	3.588095188140869
2.0	2.4958698749542236
3.0	3.362013101577759
3.0	2.431142807006836
3.0	2.549558162689209
4.0	3.4777884483337402
4.0	4.421326160430908
2.0	2.4766836166381836
3.0	2.9432430267333984
3.0	3.0292632579803467
5.0	3.423107624053955
2.0	2.2482521533966064
4.0	3.6082987785339355
2.0	2.5420100688934326
3.0	3.3420867919921875
3.0	3.195230722427368
3.0	3.2554051876068115
3.0	3.1882362365722656
3.0	2.845024585723877
3.0	2.679473876953125
2.0	3.130255699157715
3.0	3.8062760829925537
3.0	2.581549882888794
2.0	3.0422027111053467
2.0	3.067289352416992
4.0	3.901428461074829
1.0	1.5112663507461548
3.0	2.8406529426574707
3.0	3.2438621520996094
4.0	2.9844555854797363
3.0	2.7595770359039307
2.0	2.81888747215271
2.0	3.8410699367523193
4.0	3.4816505908966064
3.0	4.188590049743652
3.0	3.5266170501708984
3.0	3.088611125946045
4.0	3.0632436275482178
3.0	2.796351909637451
3.0	2.4400076866149902
4.0	3.6413989067077637
2.0	2.904752016067505
4.0	3.8160154819488525
4.0	3.884653329849243
4.0	3.8623592853546143
3.0	2.7338457107543945
2.0	2.2043159008026123
1.0	1.4546183347702026
2.0	2.263627767562866
3.0	2.97997784614563
3.0	3.509045124053955
3.0	2.42836594581604
2.0	2.9763667583465576
3.0	3.0914621353149414
3.0	2.3048746585845947
4.0	4.388621807098389
3.0	2.6819889545440674
3.0	2.590482473373413
4.0	2.7388052940368652
2.0	3.451688766479492
3.0	3.2016634941101074
4.0	3.3838679790496826
3.0	2.6441712379455566
3.0	3.22067928314209
3.0	2.9524800777435303
3.0	3.0873894691467285
2.0	2.573606491088867
3.0	1.770706057548523
3.0	3.136289119720459
4.0	3.7888712882995605
4.0	3.928189992904663
4.0	3.890956163406372
3.0	3.6661243438720703
3.0	2.389033555984497
3.0	2.3637266159057617
3.0	2.7135679721832275
4.0	3.6903607845306396
1.0	2.249781847000122
1.0	0.7205890417098999
3.0	3.1072065830230713
3.0	2.6187891960144043
3.0	3.032174825668335
3.0	2.7387309074401855
3.0	3.0939927101135254
3.0	3.08853816986084
3.0	2.8714301586151123
3.0	2.737534284591675
3.0	3.240565299987793
4.0	2.5812833309173584
1.0	1.552484393119812
4.0	3.9980289936065674
3.0	2.5167653560638428
3.0	3.018990993499756
3.0	3.8680951595306396
3.0	2.784849166870117
3.0	2.8379011154174805
4.0	3.8136143684387207
3.0	2.947052478790283
3.0	3.4439311027526855
3.0	3.7358195781707764
3.0	3.002147674560547
3.0	2.581709861755371
4.0	3.6874403953552246
