label	pred
4.0	3.9270904064178467
1.0	2.299659013748169
2.0	2.612474203109741
4.0	3.9771220684051514
3.0	3.912956476211548
2.0	3.0990145206451416
2.0	4.05881404876709
4.0	3.8431553840637207
2.0	3.454395294189453
3.0	3.5871493816375732
2.0	3.128965377807617
3.0	3.1147103309631348
4.0	4.00897216796875
2.0	3.348205327987671
1.0	1.8365881443023682
3.0	3.53770112991333
4.0	4.060993194580078
4.0	3.024829149246216
2.0	2.642056703567505
3.0	3.0116147994995117
3.0	2.9423515796661377
2.0	3.3038127422332764
2.0	2.7017056941986084
2.0	3.799417018890381
4.0	3.9627161026000977
4.0	3.5179262161254883
2.0	2.740462064743042
0.0	1.7297195196151733
3.0	3.251591444015503
3.0	3.0310704708099365
4.0	3.7148730754852295
3.0	3.522197723388672
1.0	2.2577624320983887
3.0	3.7572810649871826
3.0	3.213195323944092
4.0	3.908338785171509
3.0	3.686169385910034
3.0	3.7811572551727295
3.0	3.217611789703369
2.0	3.7895631790161133
3.0	3.7732865810394287
4.0	3.3947861194610596
4.0	3.8444700241088867
4.0	3.9201102256774902
3.0	3.2761173248291016
2.0	3.1809442043304443
4.0	3.87302827835083
3.0	3.307359457015991
4.0	3.5989842414855957
3.0	3.2867116928100586
3.0	3.999305248260498
2.0	2.9742112159729004
3.0	3.5153045654296875
2.0	2.9592342376708984
4.0	3.8887040615081787
5.0	4.118873119354248
5.0	3.9912431240081787
1.0	1.9959505796432495
2.0	2.790954113006592
3.0	3.72887921333313
1.0	1.7532250881195068
2.0	2.708890438079834
3.0	3.6748461723327637
4.0	3.8720340728759766
3.0	3.28979229927063
2.0	3.087214231491089
2.0	2.7755305767059326
3.0	3.4915151596069336
2.0	2.610909938812256
2.0	3.291398763656616
4.0	3.792482376098633
3.0	3.143770456314087
2.0	2.9988961219787598
3.0	3.784114122390747
3.0	3.55812931060791
3.0	3.672067880630493
3.0	3.975905418395996
3.0	3.226325273513794
3.0	3.286069393157959
1.0	2.0464882850646973
3.0	3.4771366119384766
3.0	3.6152193546295166
3.0	3.6769886016845703
3.0	3.337338447570801
3.0	3.4997336864471436
3.0	3.7467212677001953
3.0	3.262781858444214
2.0	2.2149786949157715
1.0	1.4962694644927979
3.0	3.760204792022705
2.0	2.702446460723877
4.0	4.001161575317383
3.0	3.1387293338775635
2.0	3.246715545654297
5.0	3.9958412647247314
5.0	4.024781703948975
5.0	3.9268102645874023
4.0	3.926602363586426
3.0	3.2951536178588867
5.0	3.9509084224700928
3.0	3.720111846923828
4.0	3.6601409912109375
3.0	3.7950260639190674
3.0	3.594273090362549
3.0	3.1301002502441406
3.0	3.1128344535827637
4.0	4.051358699798584
2.0	2.365051507949829
1.0	1.820223331451416
2.0	2.364802598953247
3.0	3.11232328414917
3.0	3.365525484085083
3.0	3.6462786197662354
2.0	2.386624336242676
1.0	2.37630558013916
2.0	3.2600958347320557
3.0	3.3910043239593506
1.0	2.2158334255218506
1.0	2.0342721939086914
3.0	3.784518241882324
2.0	2.6777563095092773
3.0	4.051030158996582
2.0	3.268512487411499
2.0	2.645036458969116
3.0	2.9105265140533447
2.0	3.213481903076172
4.0	4.013793468475342
2.0	2.6531448364257812
3.0	3.997102975845337
3.0	3.9573874473571777
2.0	2.919407367706299
3.0	3.738459825515747
2.0	2.8018112182617188
3.0	3.2373321056365967
2.0	3.014988422393799
4.0	2.9193801879882812
4.0	3.897531509399414
3.0	3.6454851627349854
2.0	2.817174196243286
3.0	3.087028741836548
1.0	2.1861953735351562
3.0	3.9599368572235107
2.0	3.755765676498413
3.0	3.827005624771118
3.0	3.822258234024048
2.0	2.831411600112915
3.0	3.5075111389160156
5.0	4.016995906829834
3.0	3.9500696659088135
3.0	3.700988292694092
3.0	3.9057891368865967
4.0	3.7432281970977783
3.0	3.9103171825408936
2.0	3.177975654602051
3.0	3.6148369312286377
3.0	3.6189699172973633
3.0	3.7591304779052734
2.0	3.207096815109253
3.0	3.6828787326812744
3.0	3.3282697200775146
3.0	3.2318339347839355
2.0	3.1085567474365234
3.0	3.6885054111480713
3.0	3.89711332321167
2.0	3.813045024871826
3.0	3.6977269649505615
3.0	3.5400493144989014
3.0	3.983937978744507
2.0	2.753478765487671
1.0	1.8568202257156372
2.0	2.329179048538208
2.0	3.5918374061584473
4.0	4.019480228424072
3.0	3.7273595333099365
3.0	3.4331796169281006
4.0	3.948650360107422
2.0	2.3780195713043213
3.0	2.6190624237060547
3.0	3.155444383621216
4.0	3.9451961517333984
2.0	2.42521071434021
2.0	2.284881591796875
4.0	3.410449504852295
3.0	3.6938564777374268
3.0	3.840848445892334
3.0	3.512944221496582
2.0	3.0105600357055664
2.0	3.1187222003936768
3.0	3.957806348800659
2.0	2.751974105834961
3.0	3.026926040649414
3.0	3.7599940299987793
3.0	3.446948289871216
4.0	4.045594692230225
4.0	4.110846042633057
4.0	3.8132576942443848
2.0	3.158165454864502
4.0	3.824078321456909
4.0	3.9110991954803467
2.0	2.236896276473999
2.0	3.249089002609253
2.0	3.595644235610962
4.0	3.940626859664917
4.0	3.9753289222717285
2.0	2.7136716842651367
3.0	3.7412753105163574
3.0	3.4775545597076416
3.0	3.518350124359131
3.0	2.9495697021484375
3.0	2.8713338375091553
3.0	3.6166884899139404
5.0	3.98207426071167
3.0	3.356409788131714
5.0	4.063594818115234
2.0	2.6966381072998047
3.0	3.456193447113037
4.0	3.8209915161132812
3.0	3.5063045024871826
4.0	4.046936988830566
3.0	2.578049421310425
2.0	2.8930306434631348
3.0	3.4789299964904785
4.0	3.7526302337646484
3.0	3.5066370964050293
4.0	3.966273784637451
4.0	3.6758739948272705
3.0	3.769599437713623
2.0	3.1791720390319824
3.0	3.9163055419921875
2.0	3.263375759124756
3.0	3.95548152923584
2.0	2.655994176864624
3.0	3.866050958633423
3.0	3.173261880874634
5.0	4.03004264831543
4.0	4.034130573272705
5.0	4.022296905517578
2.0	2.3905858993530273
4.0	3.908348321914673
4.0	3.940319776535034
3.0	3.2801108360290527
5.0	3.9342117309570312
3.0	3.9765894412994385
4.0	3.9470672607421875
2.0	2.3760571479797363
2.0	3.4063940048217773
3.0	3.592324733734131
3.0	2.8049819469451904
3.0	3.4218978881835938
3.0	3.6493492126464844
4.0	4.046593189239502
2.0	3.56180739402771
2.0	2.151733160018921
4.0	3.816209077835083
2.0	2.6734578609466553
3.0	3.5934669971466064
3.0	3.2666375637054443
4.0	4.015381813049316
4.0	3.976846218109131
1.0	1.7410091161727905
2.0	3.030702829360962
4.0	3.9962055683135986
2.0	2.7760796546936035
0.0	1.3723341226577759
3.0	3.7076454162597656
4.0	3.7612366676330566
2.0	2.1325674057006836
1.0	1.3753783702850342
2.0	2.8268017768859863
4.0	3.869915246963501
3.0	3.696268320083618
4.0	4.017307281494141
2.0	2.0876781940460205
3.0	3.025042772293091
3.0	3.797954559326172
4.0	3.8435800075531006
4.0	4.122334957122803
3.0	3.8635683059692383
2.0	2.8959012031555176
1.0	1.5727698802947998
3.0	3.9616050720214844
1.0	2.0930919647216797
3.0	4.003242492675781
4.0	4.012214183807373
3.0	3.416814088821411
4.0	3.922119617462158
2.0	2.5210421085357666
4.0	4.040092468261719
5.0	3.880523443222046
3.0	3.5711910724639893
3.0	3.8857040405273438
3.0	3.7604222297668457
3.0	3.6213691234588623
4.0	4.0045905113220215
2.0	2.294261932373047
4.0	3.9018585681915283
3.0	3.533022880554199
2.0	3.425909996032715
3.0	3.7352283000946045
4.0	3.9804296493530273
4.0	4.005093574523926
4.0	3.9244492053985596
2.0	2.3332765102386475
4.0	3.9662439823150635
5.0	3.997871160507202
3.0	3.572977304458618
3.0	2.8410143852233887
2.0	3.323798179626465
3.0	4.043154239654541
4.0	3.807490110397339
3.0	3.550729751586914
2.0	2.7256851196289062
3.0	3.559992551803589
5.0	3.947066068649292
4.0	4.067291736602783
3.0	3.5751490592956543
3.0	3.5784037113189697
2.0	3.066462278366089
4.0	3.669882297515869
2.0	2.7569010257720947
5.0	4.110604763031006
4.0	4.0336594581604
4.0	3.7873728275299072
3.0	3.078643798828125
3.0	3.735807418823242
3.0	3.06569766998291
3.0	3.236884355545044
3.0	3.2059669494628906
4.0	3.850473403930664
3.0	3.5004098415374756
3.0	3.8534481525421143
3.0	3.7978134155273438
5.0	3.982969284057617
4.0	3.922581672668457
4.0	3.901090383529663
2.0	2.7354941368103027
3.0	3.6819889545440674
3.0	3.876051425933838
4.0	4.028841972351074
3.0	3.585225820541382
3.0	2.9934682846069336
2.0	2.8469128608703613
3.0	3.559354543685913
4.0	3.7648820877075195
2.0	2.700767993927002
4.0	3.8339083194732666
2.0	2.163884162902832
4.0	3.9415793418884277
3.0	3.1854283809661865
3.0	3.6668686866760254
3.0	3.0247340202331543
2.0	2.348113536834717
3.0	3.288355588912964
4.0	3.9962966442108154
2.0	2.7355799674987793
2.0	2.7295846939086914
4.0	3.77063250541687
3.0	3.2855820655822754
2.0	2.8484644889831543
3.0	3.9805996417999268
