label	pred
3.0	2.889850378036499
4.0	3.2344820499420166
4.0	3.1341476440429688
4.0	2.71067476272583
3.0	2.8611295223236084
2.0	2.4248716831207275
1.0	1.4266568422317505
2.0	2.5435452461242676
2.0	2.540264844894409
3.0	3.210876226425171
3.0	2.9755373001098633
2.0	2.9367334842681885
3.0	3.460620164871216
2.0	2.148566722869873
1.0	2.051590919494629
3.0	3.046598434448242
3.0	3.47818660736084
3.0	3.0060031414031982
3.0	2.822120189666748
2.0	2.285176992416382
1.0	2.550711154937744
3.0	3.240473747253418
1.0	2.6223654747009277
2.0	2.749880790710449
3.0	2.837960720062256
2.0	2.381855010986328
4.0	2.688387393951416
2.0	2.6130309104919434
2.0	2.1628024578094482
3.0	3.036653757095337
4.0	3.4480018615722656
2.0	2.7217557430267334
2.0	2.1255149841308594
2.0	2.660104274749756
3.0	3.093465566635132
3.0	2.8493196964263916
0.0	1.2111793756484985
3.0	3.0927793979644775
3.0	2.698137044906616
3.0	2.8682432174682617
4.0	3.500314235687256
3.0	3.1247682571411133
2.0	2.5879297256469727
2.0	2.490985631942749
3.0	3.1240100860595703
3.0	3.143155097961426
1.0	1.7452694177627563
3.0	3.049543857574463
2.0	2.087933301925659
1.0	1.7367277145385742
2.0	2.565627098083496
3.0	3.17946195602417
2.0	2.4445178508758545
2.0	2.722352981567383
2.0	2.424514055252075
2.0	2.53641676902771
3.0	2.8154799938201904
1.0	1.9831682443618774
3.0	2.7402429580688477
3.0	2.6101577281951904
3.0	2.847179412841797
2.0	2.577585458755493
3.0	2.6767399311065674
2.0	2.6986420154571533
1.0	1.682153582572937
3.0	2.9498825073242188
3.0	3.215156078338623
3.0	3.2261595726013184
3.0	3.022759199142456
3.0	2.9315311908721924
2.0	2.525784969329834
3.0	2.7719717025756836
3.0	2.6155905723571777
2.0	2.5480058193206787
3.0	2.750274658203125
3.0	2.9327197074890137
3.0	2.784475803375244
3.0	2.9055967330932617
2.0	2.5404303073883057
3.0	2.8496713638305664
2.0	2.2998874187469482
2.0	2.6865158081054688
1.0	1.708512306213379
3.0	2.7250330448150635
2.0	2.859381914138794
4.0	3.278620958328247
2.0	2.3991405963897705
3.0	2.7567460536956787
2.0	2.703324317932129
1.0	1.4325714111328125
3.0	2.784601926803589
1.0	1.9585645198822021
3.0	2.760672092437744
3.0	2.6918601989746094
3.0	2.9673125743865967
2.0	2.5326120853424072
3.0	2.9468226432800293
1.0	1.7145634889602661
3.0	2.574087381362915
2.0	2.13773512840271
2.0	2.382671356201172
2.0	2.730186700820923
2.0	2.5731022357940674
4.0	3.0367307662963867
2.0	2.1055150032043457
3.0	2.794074058532715
3.0	2.8181517124176025
3.0	2.501861810684204
3.0	2.646327495574951
3.0	3.076124668121338
3.0	2.732382297515869
4.0	3.375225067138672
3.0	2.566809892654419
2.0	2.5321712493896484
3.0	2.678950786590576
4.0	3.0630457401275635
3.0	3.2544007301330566
2.0	2.5411088466644287
2.0	2.7353625297546387
2.0	2.741162061691284
3.0	2.6235594749450684
3.0	2.8807573318481445
3.0	2.9915478229522705
3.0	3.0407936573028564
3.0	2.982966423034668
3.0	2.90439510345459
2.0	2.6633429527282715
3.0	2.8835389614105225
4.0	3.002964973449707
1.0	1.5981935262680054
3.0	2.436350107192993
3.0	2.92210054397583
2.0	2.3610315322875977
2.0	2.5569684505462646
3.0	2.9205241203308105
3.0	3.291487216949463
3.0	2.690133810043335
1.0	1.6487890481948853
3.0	2.4502789974212646
3.0	2.772669792175293
3.0	2.576542377471924
4.0	3.1207525730133057
0.0	1.25404691696167
2.0	2.260748863220215
4.0	3.299149513244629
3.0	2.6821630001068115
4.0	3.3119006156921387
3.0	3.057574510574341
3.0	3.0164685249328613
3.0	3.035416603088379
3.0	2.8621304035186768
3.0	2.707434892654419
3.0	2.5225634574890137
3.0	3.0442185401916504
2.0	1.4623180627822876
2.0	2.4834418296813965
4.0	3.1869099140167236
3.0	2.6641016006469727
3.0	2.678359031677246
4.0	3.018446207046509
3.0	3.334636926651001
3.0	2.811601400375366
1.0	1.5814423561096191
3.0	2.775722026824951
3.0	2.0886073112487793
3.0	3.008007049560547
3.0	2.9022536277770996
3.0	2.732053756713867
2.0	2.600897789001465
2.0	2.2412896156311035
4.0	3.5246572494506836
3.0	2.738525629043579
1.0	1.3450920581817627
3.0	2.7001945972442627
3.0	2.666975259780884
3.0	2.5505998134613037
3.0	2.7831249237060547
2.0	2.0871264934539795
2.0	1.9647490978240967
3.0	2.9702701568603516
2.0	1.9990918636322021
2.0	1.9422926902770996
3.0	2.9966721534729004
4.0	3.474928855895996
2.0	2.786128520965576
2.0	2.0950515270233154
3.0	2.82944917678833
2.0	1.9480376243591309
3.0	2.9405901432037354
2.0	1.9346253871917725
2.0	2.439532518386841
2.0	2.3797905445098877
1.0	1.5873013734817505
3.0	3.048785448074341
3.0	2.853710889816284
3.0	3.0604939460754395
3.0	2.6898107528686523
2.0	2.0830321311950684
4.0	3.41910719871521
3.0	2.981456995010376
3.0	2.553948163986206
2.0	2.166415214538574
2.0	2.2056849002838135
3.0	2.6710753440856934
1.0	1.5209877490997314
3.0	2.882819652557373
3.0	3.0971839427948
2.0	2.183305263519287
3.0	2.57783579826355
2.0	2.6525285243988037
2.0	1.8255412578582764
3.0	3.0030500888824463
3.0	2.5353498458862305
3.0	2.60184383392334
4.0	3.338768720626831
3.0	2.5550010204315186
3.0	2.929980516433716
1.0	1.9857667684555054
3.0	2.399569272994995
2.0	2.328777313232422
2.0	2.438171863555908
2.0	2.5069544315338135
2.0	2.470881462097168
1.0	1.357924222946167
2.0	2.287144660949707
2.0	2.3184549808502197
3.0	2.9256985187530518
2.0	2.6614673137664795
2.0	2.358006238937378
3.0	2.815305471420288
2.0	2.555757999420166
4.0	3.3887784481048584
2.0	2.243685007095337
1.0	1.9813653230667114
3.0	2.898588180541992
2.0	2.1335043907165527
2.0	2.1807634830474854
3.0	2.673548698425293
4.0	3.3585987091064453
1.0	1.2544622421264648
1.0	1.7816298007965088
2.0	2.4607419967651367
2.0	2.202819347381592
3.0	2.899782180786133
3.0	2.895827531814575
2.0	2.732194662094116
2.0	1.9149097204208374
1.0	1.7671866416931152
2.0	2.511676788330078
2.0	2.973081588745117
3.0	2.7595818042755127
4.0	3.5080249309539795
3.0	2.9587275981903076
3.0	2.876432418823242
1.0	1.6561474800109863
3.0	2.631526470184326
2.0	2.7382307052612305
1.0	2.1001858711242676
2.0	2.5387744903564453
3.0	3.1622557640075684
2.0	2.41426944732666
3.0	2.8492696285247803
4.0	3.0525777339935303
2.0	2.2869133949279785
3.0	2.744370222091675
1.0	1.6015640497207642
3.0	2.7912826538085938
4.0	3.6984457969665527
3.0	2.7289164066314697
2.0	2.5771608352661133
3.0	3.038191795349121
2.0	2.7639551162719727
2.0	2.6749837398529053
2.0	2.5484282970428467
3.0	3.1670448780059814
2.0	2.144460916519165
3.0	2.726278781890869
3.0	2.795698404312134
2.0	2.2611515522003174
3.0	3.1267547607421875
2.0	2.7458178997039795
2.0	2.6257543563842773
3.0	3.1665210723876953
3.0	2.6363086700439453
2.0	2.244724750518799
3.0	3.14428448677063
4.0	3.6050257682800293
3.0	3.0166077613830566
2.0	2.3067538738250732
2.0	2.4083430767059326
3.0	2.7346527576446533
3.0	2.8466057777404785
2.0	2.1509413719177246
3.0	3.293564796447754
3.0	2.4453916549682617
2.0	2.1654348373413086
2.0	2.1449174880981445
3.0	3.287238359451294
0.0	1.512094259262085
0.0	1.5783896446228027
3.0	2.8662662506103516
3.0	2.8228089809417725
4.0	3.5910263061523438
3.0	2.93072247505188
3.0	2.7002499103546143
3.0	2.799536943435669
3.0	2.9722678661346436
2.0	2.6812987327575684
3.0	2.949944496154785
3.0	2.7805871963500977
3.0	2.6946938037872314
2.0	2.8944146633148193
0.0	1.8169523477554321
2.0	1.699837327003479
3.0	3.1631855964660645
2.0	2.79655385017395
2.0	2.5262951850891113
1.0	1.9042723178863525
2.0	2.2818644046783447
2.0	2.328742027282715
3.0	3.211817502975464
2.0	2.409358263015747
4.0	3.504575252532959
1.0	1.8982315063476562
3.0	2.7742693424224854
2.0	2.7956604957580566
2.0	2.523937225341797
2.0	2.675002098083496
2.0	2.549027919769287
3.0	3.0201759338378906
3.0	2.641082763671875
3.0	2.748300075531006
0.0	1.456908941268921
3.0	3.2151472568511963
2.0	2.2706105709075928
4.0	3.351651191711426
3.0	2.972723960876465
3.0	3.0077431201934814
2.0	2.5377554893493652
3.0	2.7662482261657715
2.0	3.060525894165039
3.0	2.7839043140411377
2.0	2.1790902614593506
2.0	2.4896867275238037
3.0	2.847332000732422
3.0	2.806454658508301
2.0	3.0933995246887207
3.0	2.8321762084960938
4.0	2.8888654708862305
3.0	2.8384969234466553
2.0	2.7314844131469727
3.0	2.8314099311828613
3.0	3.0168535709381104
3.0	2.6993298530578613
2.0	2.274449348449707
2.0	2.3479747772216797
2.0	2.199535369873047
0.0	1.5861550569534302
2.0	2.537506580352783
3.0	3.193885564804077
