label	pred
4.0	3.8981707096099854
1.0	1.894073724746704
2.0	2.1445913314819336
4.0	3.9851953983306885
3.0	3.9384870529174805
2.0	3.2420895099639893
2.0	4.119258880615234
4.0	3.768122434616089
2.0	3.656686782836914
3.0	3.6356847286224365
2.0	3.0173439979553223
3.0	2.904796838760376
4.0	4.091814994812012
2.0	3.546462297439575
1.0	1.6027936935424805
3.0	3.440352439880371
4.0	3.975151777267456
4.0	2.8382556438446045
2.0	2.1997997760772705
3.0	2.524411678314209
3.0	3.0277116298675537
2.0	3.2016139030456543
2.0	2.207996129989624
2.0	3.7869794368743896
4.0	3.916226625442505
4.0	3.5859568119049072
2.0	2.112685203552246
0.0	1.026455044746399
3.0	3.2722578048706055
3.0	2.8950605392456055
4.0	3.646036148071289
3.0	3.4848670959472656
1.0	1.7602550983428955
3.0	3.841151475906372
3.0	3.230048894882202
4.0	4.075262546539307
3.0	3.77843976020813
3.0	3.8924057483673096
3.0	3.3775062561035156
2.0	3.738375186920166
3.0	3.569314956665039
4.0	3.4598798751831055
4.0	3.92708158493042
4.0	3.9955873489379883
3.0	3.161344051361084
2.0	3.242246389389038
4.0	3.8374431133270264
3.0	3.1352720260620117
4.0	3.4247446060180664
3.0	3.3862791061401367
3.0	4.098005294799805
2.0	2.6872353553771973
3.0	3.5513463020324707
2.0	2.9634244441986084
4.0	3.877997636795044
5.0	3.7809524536132812
5.0	4.016005039215088
1.0	1.5797834396362305
2.0	2.5049655437469482
3.0	3.891244888305664
1.0	1.3875247240066528
2.0	2.5811378955841064
3.0	3.7106876373291016
4.0	4.0301079750061035
3.0	3.213066577911377
2.0	2.8328404426574707
2.0	2.200361490249634
3.0	3.721268653869629
2.0	2.4890289306640625
2.0	3.175830364227295
4.0	3.887355089187622
3.0	3.1970913410186768
2.0	2.8130433559417725
3.0	3.9898674488067627
3.0	3.638087034225464
3.0	3.6517109870910645
3.0	3.9163970947265625
3.0	3.114694833755493
3.0	3.3563268184661865
1.0	1.451952576637268
3.0	3.5886390209198
3.0	3.6384828090667725
3.0	3.8661563396453857
3.0	3.360159158706665
3.0	3.6096606254577637
3.0	3.8157076835632324
3.0	3.174961566925049
2.0	1.8263455629348755
1.0	0.919577419757843
3.0	3.6599364280700684
2.0	2.6009931564331055
4.0	3.973478317260742
3.0	3.0644006729125977
2.0	3.2862308025360107
5.0	3.7899608612060547
5.0	3.9335672855377197
5.0	3.9899089336395264
4.0	3.8296523094177246
3.0	3.117745876312256
5.0	3.989650249481201
3.0	3.8847098350524902
4.0	3.6744182109832764
3.0	3.8635222911834717
3.0	3.47830867767334
3.0	3.125394344329834
3.0	3.2370176315307617
4.0	4.103984832763672
2.0	1.7325232028961182
1.0	1.5168818235397339
2.0	1.772436261177063
3.0	2.9779529571533203
3.0	3.097817897796631
3.0	3.6972880363464355
2.0	1.985237717628479
1.0	1.759876012802124
2.0	3.1189701557159424
3.0	3.505600690841675
1.0	2.175363779067993
1.0	1.4183263778686523
3.0	3.839967966079712
2.0	2.5406315326690674
3.0	4.090932846069336
2.0	3.2437689304351807
2.0	2.0186996459960938
3.0	2.7444984912872314
2.0	3.1221601963043213
4.0	3.985135078430176
2.0	2.308673620223999
3.0	3.932622194290161
3.0	4.076481342315674
2.0	2.9794583320617676
3.0	4.0688796043396
2.0	2.9160919189453125
3.0	3.2819862365722656
2.0	2.8215394020080566
4.0	2.9231464862823486
4.0	3.880783796310425
3.0	3.5095081329345703
2.0	2.706920862197876
3.0	3.186410427093506
1.0	1.8764480352401733
3.0	4.049064636230469
2.0	3.6886684894561768
3.0	4.085110664367676
3.0	3.928116798400879
2.0	2.8951523303985596
3.0	3.4591872692108154
5.0	3.77913236618042
3.0	3.922623634338379
3.0	3.825392723083496
3.0	3.8925511837005615
4.0	3.625145435333252
3.0	3.977123737335205
2.0	2.9007787704467773
3.0	3.5112969875335693
3.0	3.7427937984466553
3.0	3.6675405502319336
2.0	3.006864547729492
3.0	3.691903829574585
3.0	3.4048426151275635
3.0	2.8960745334625244
2.0	2.8730337619781494
3.0	3.716749668121338
3.0	3.9303622245788574
2.0	3.628556966781616
3.0	3.7213215827941895
3.0	3.5570380687713623
3.0	3.9494571685791016
2.0	2.491436243057251
1.0	1.4074440002441406
2.0	2.2185473442077637
2.0	3.896411418914795
4.0	3.8723602294921875
3.0	3.8124446868896484
3.0	3.443899631500244
4.0	3.757615089416504
2.0	1.9948288202285767
3.0	2.2756447792053223
3.0	3.1305696964263916
4.0	4.067747116088867
2.0	2.004808187484741
2.0	1.9380686283111572
4.0	3.336268424987793
3.0	3.789314031600952
3.0	3.9997711181640625
3.0	3.422591209411621
2.0	2.6627275943756104
2.0	2.9646668434143066
3.0	4.085007667541504
2.0	2.652416944503784
3.0	2.9242844581604004
3.0	3.769923686981201
3.0	3.4706008434295654
4.0	3.927828788757324
4.0	3.936047077178955
4.0	3.772716999053955
2.0	3.0725269317626953
4.0	3.7145981788635254
4.0	3.8737881183624268
2.0	1.8268455266952515
2.0	3.2306294441223145
2.0	3.7168538570404053
4.0	3.8867626190185547
4.0	3.791142463684082
2.0	2.348933219909668
3.0	3.7784829139709473
3.0	3.5958592891693115
3.0	3.639465093612671
3.0	3.1148416996002197
3.0	3.382312297821045
3.0	3.693070650100708
5.0	3.929767370223999
3.0	3.4922430515289307
5.0	4.038471221923828
2.0	2.452045202255249
3.0	3.5432331562042236
4.0	3.9607200622558594
3.0	3.4964065551757812
4.0	3.805968761444092
3.0	2.9346871376037598
2.0	2.6552813053131104
3.0	3.5901012420654297
4.0	3.714810848236084
3.0	3.6198418140411377
4.0	3.868377685546875
4.0	3.8733017444610596
3.0	3.7008845806121826
2.0	3.420090913772583
3.0	3.975029230117798
2.0	3.294790267944336
3.0	3.919213056564331
2.0	2.246941089630127
3.0	3.728675127029419
3.0	2.985171318054199
5.0	3.875056743621826
4.0	3.9571828842163086
5.0	4.005236625671387
2.0	2.0175576210021973
4.0	3.8201417922973633
4.0	3.8704028129577637
3.0	3.4255168437957764
5.0	4.2416768074035645
3.0	4.0394816398620605
4.0	3.934441089630127
2.0	2.092756509780884
2.0	3.39078426361084
3.0	3.727159261703491
3.0	2.615605354309082
3.0	3.397307872772217
3.0	3.6365878582000732
4.0	4.014034271240234
2.0	3.7296030521392822
2.0	1.688367486000061
4.0	3.9062607288360596
2.0	2.2312095165252686
3.0	3.606717824935913
3.0	3.163961410522461
4.0	3.7978639602661133
4.0	4.083951473236084
1.0	1.2996385097503662
2.0	2.742403984069824
4.0	3.8070900440216064
2.0	2.575525999069214
0.0	0.8927056789398193
3.0	3.7368533611297607
4.0	3.847398519515991
2.0	1.729784607887268
1.0	0.6792598366737366
2.0	2.3916523456573486
4.0	3.914311408996582
3.0	3.8769233226776123
4.0	4.042317867279053
2.0	1.5320576429367065
3.0	2.549781084060669
3.0	3.843183755874634
4.0	3.6493704319000244
4.0	4.043591022491455
3.0	3.9770641326904297
2.0	2.7543509006500244
1.0	0.7260847687721252
3.0	3.817880630493164
1.0	1.8576751947402954
3.0	3.8001561164855957
4.0	3.8228201866149902
3.0	3.449281692504883
4.0	3.8901424407958984
2.0	2.23398756980896
4.0	4.148602485656738
5.0	3.912715435028076
3.0	3.5622544288635254
3.0	3.938084602355957
3.0	3.7807440757751465
3.0	3.6035661697387695
4.0	3.9408671855926514
2.0	1.7977972030639648
4.0	3.919257402420044
3.0	3.5916857719421387
2.0	3.47800612449646
3.0	3.8867766857147217
4.0	3.819899797439575
4.0	4.0469865798950195
4.0	3.9822373390197754
2.0	1.8805514574050903
4.0	3.889047145843506
5.0	3.9963295459747314
3.0	3.6118338108062744
3.0	2.4007086753845215
2.0	2.9943628311157227
3.0	3.854781150817871
4.0	3.875298023223877
3.0	3.758594512939453
2.0	2.5451624393463135
3.0	3.5019900798797607
5.0	3.996716022491455
4.0	4.022043228149414
3.0	3.653064727783203
3.0	3.6128880977630615
2.0	3.2304508686065674
4.0	3.6496427059173584
2.0	2.5272274017333984
5.0	4.09540319442749
4.0	4.094635963439941
4.0	3.9642457962036133
3.0	2.8382747173309326
3.0	3.706381320953369
3.0	3.0452466011047363
3.0	3.3395652770996094
3.0	2.959744691848755
4.0	4.051266670227051
3.0	3.6301965713500977
3.0	3.751619815826416
3.0	4.039754867553711
5.0	4.094581127166748
4.0	3.9048893451690674
4.0	3.661151885986328
2.0	2.6372790336608887
3.0	3.435941696166992
3.0	3.8590927124023438
4.0	3.8758492469787598
3.0	3.648193120956421
3.0	2.8839378356933594
2.0	2.4228360652923584
3.0	3.51491117477417
4.0	3.884127616882324
2.0	2.6904799938201904
4.0	3.8453221321105957
2.0	2.1039657592773438
4.0	4.0326080322265625
3.0	3.061542272567749
3.0	3.8093180656433105
3.0	2.8806233406066895
2.0	1.7893141508102417
3.0	3.063321828842163
4.0	4.079810619354248
2.0	2.5105724334716797
2.0	2.3733179569244385
4.0	3.9239978790283203
3.0	3.082028388977051
2.0	2.443732500076294
3.0	4.135953426361084
