label	pred
3.0	2.0867886543273926
2.0	2.060856819152832
2.0	1.8104344606399536
4.0	3.298269033432007
2.0	2.6082468032836914
3.0	2.843695878982544
3.0	2.8666207790374756
3.0	2.282383918762207
4.0	2.99636173248291
2.0	2.4488885402679443
2.0	2.8723745346069336
3.0	2.942187547683716
3.0	2.3156497478485107
4.0	2.1537725925445557
3.0	2.3309338092803955
2.0	2.587848424911499
2.0	1.9385160207748413
4.0	3.393401622772217
4.0	2.317688465118408
4.0	3.35089373588562
3.0	2.4258904457092285
4.0	3.392810344696045
2.0	2.241973400115967
3.0	2.35758376121521
3.0	2.178480863571167
3.0	2.305861473083496
3.0	2.4930431842803955
3.0	3.3931736946105957
2.0	2.4641098976135254
2.0	2.0150604248046875
3.0	2.416379451751709
3.0	2.7904529571533203
4.0	3.3000333309173584
2.0	2.3618249893188477
3.0	3.3876261711120605
3.0	2.8757619857788086
3.0	2.300930976867676
4.0	3.433889389038086
2.0	2.2151551246643066
3.0	2.230930805206299
3.0	2.4744298458099365
3.0	2.24690580368042
2.0	1.8054426908493042
4.0	3.340299606323242
4.0	3.3874874114990234
3.0	2.456713914871216
2.0	2.269415855407715
4.0	2.329796314239502
2.0	2.4313690662384033
3.0	3.4019525051116943
3.0	3.271381378173828
3.0	3.1556031703948975
2.0	2.4547080993652344
4.0	3.3508784770965576
4.0	2.497699499130249
3.0	2.2836408615112305
4.0	3.4120497703552246
2.0	1.5613048076629639
2.0	2.2165613174438477
1.0	1.6995264291763306
3.0	3.393813133239746
3.0	3.441739320755005
3.0	3.322816848754883
5.0	3.3156485557556152
3.0	2.538074493408203
3.0	2.1236472129821777
3.0	2.355315685272217
3.0	2.846388578414917
3.0	2.5130536556243896
3.0	2.5599451065063477
3.0	3.3798491954803467
1.0	2.7532031536102295
3.0	2.9713799953460693
3.0	2.9018144607543945
4.0	3.267209053039551
4.0	2.512820243835449
3.0	2.6133673191070557
1.0	0.9360541701316833
3.0	2.552375078201294
3.0	2.1374995708465576
3.0	3.407785654067993
3.0	2.3489139080047607
3.0	3.3219432830810547
3.0	2.7440638542175293
4.0	3.4192423820495605
3.0	2.35400652885437
4.0	2.560107469558716
3.0	2.379091262817383
3.0	2.6906015872955322
3.0	3.428661823272705
2.0	2.273528814315796
2.0	1.9915331602096558
3.0	3.4478516578674316
4.0	3.163323402404785
3.0	2.424891471862793
2.0	1.6149067878723145
3.0	3.273844003677368
3.0	2.341050148010254
3.0	2.409510850906372
1.0	1.895972490310669
4.0	3.371912956237793
2.0	2.2768867015838623
4.0	3.384742498397827
3.0	3.293757677078247
4.0	3.3983654975891113
2.0	1.6339584589004517
5.0	3.463331460952759
3.0	2.225104331970215
3.0	2.700136661529541
2.0	2.830766201019287
3.0	2.5650830268859863
2.0	2.071622371673584
4.0	2.0457115173339844
2.0	2.1033029556274414
3.0	2.9583916664123535
2.0	2.900965690612793
2.0	2.2832579612731934
5.0	3.277439832687378
3.0	3.3754796981811523
4.0	3.43695330619812
3.0	2.064464807510376
3.0	2.9240834712982178
3.0	2.1160714626312256
4.0	3.346609115600586
2.0	2.6498539447784424
2.0	2.596122980117798
3.0	3.385035991668701
4.0	3.4190542697906494
2.0	2.0576210021972656
3.0	3.41652250289917
3.0	2.1605477333068848
3.0	3.4424948692321777
5.0	3.3861405849456787
3.0	3.3978421688079834
3.0	3.2788093090057373
4.0	3.495661973953247
5.0	3.3925981521606445
1.0	0.7960835099220276
4.0	3.406843423843384
2.0	2.078248977661133
2.0	2.11808180809021
3.0	2.5889501571655273
2.0	2.7482399940490723
3.0	2.282466173171997
4.0	2.791013717651367
3.0	1.8931820392608643
2.0	1.6912871599197388
4.0	2.484293222427368
3.0	2.790341377258301
2.0	1.7724336385726929
4.0	3.1785314083099365
3.0	3.2078800201416016
2.0	2.239438056945801
1.0	1.943461298942566
3.0	2.6111104488372803
3.0	3.4798672199249268
2.0	2.469684600830078
3.0	2.7724380493164062
3.0	2.8714599609375
2.0	1.0111349821090698
3.0	2.531503438949585
2.0	2.396000623703003
3.0	2.543017864227295
3.0	2.1955885887145996
3.0	2.3669607639312744
2.0	2.500009536743164
3.0	2.2067503929138184
1.0	1.6177592277526855
1.0	1.9233170747756958
3.0	2.4543051719665527
3.0	2.3427674770355225
2.0	2.307866334915161
3.0	2.4939234256744385
3.0	3.417036533355713
3.0	2.9117181301116943
2.0	1.8704957962036133
3.0	3.3807601928710938
4.0	3.444828987121582
4.0	3.345094680786133
3.0	2.8762919902801514
4.0	2.601536750793457
3.0	3.3493266105651855
2.0	3.418032169342041
1.0	2.321493148803711
2.0	2.236421823501587
2.0	1.9084546566009521
3.0	3.3955464363098145
1.0	1.4750995635986328
2.0	1.46107816696167
3.0	2.8912429809570312
3.0	2.881873607635498
2.0	2.475320816040039
2.0	1.7372921705245972
4.0	2.590116500854492
3.0	2.6120200157165527
3.0	2.2886295318603516
3.0	2.567189931869507
3.0	2.357050657272339
3.0	3.427785873413086
1.0	1.5497163534164429
2.0	2.696442127227783
3.0	3.398019552230835
4.0	3.4343411922454834
3.0	2.4562439918518066
2.0	1.8875699043273926
4.0	3.3653922080993652
2.0	2.4722585678100586
4.0	2.2769992351531982
2.0	1.9379380941390991
2.0	2.6785776615142822
5.0	3.485711097717285
3.0	3.2306439876556396
3.0	2.573566198348999
5.0	3.4196622371673584
4.0	3.3594202995300293
4.0	3.3530452251434326
3.0	2.9282755851745605
2.0	2.5017104148864746
3.0	2.2378993034362793
4.0	3.4857897758483887
4.0	3.3693411350250244
2.0	1.9664734601974487
1.0	0.7338008284568787
3.0	2.3301265239715576
3.0	2.5978846549987793
3.0	2.369823694229126
1.0	1.5260165929794312
5.0	3.2899036407470703
5.0	3.4315075874328613
4.0	3.3358347415924072
2.0	2.257411241531372
2.0	1.6537058353424072
2.0	2.378307580947876
5.0	3.4885096549987793
2.0	2.5545403957366943
3.0	2.230808973312378
4.0	3.404899835586548
4.0	2.306469440460205
3.0	2.2497506141662598
2.0	1.7168936729431152
2.0	2.198756694793701
3.0	2.2942609786987305
3.0	2.8042356967926025
4.0	3.3641209602355957
3.0	2.2755064964294434
2.0	1.8485764265060425
3.0	2.6097278594970703
3.0	2.402759552001953
1.0	1.872588038444519
4.0	3.3315021991729736
4.0	3.4071285724639893
3.0	2.3601479530334473
5.0	3.325392484664917
3.0	2.4844281673431396
4.0	3.385195016860962
3.0	2.4095633029937744
3.0	2.4409713745117188
3.0	2.398228645324707
2.0	2.155132293701172
3.0	2.3742122650146484
3.0	2.3442347049713135
3.0	2.442500352859497
4.0	3.142381429672241
4.0	3.4236700534820557
2.0	2.3396613597869873
3.0	2.699345111846924
3.0	2.9490435123443604
5.0	3.3466408252716064
2.0	2.2262580394744873
4.0	3.3564260005950928
2.0	2.3678269386291504
3.0	2.2352399826049805
3.0	2.381528377532959
3.0	2.852487564086914
3.0	2.6816015243530273
3.0	2.2293426990509033
3.0	2.4332070350646973
2.0	2.3465638160705566
3.0	3.4298253059387207
3.0	2.1105895042419434
2.0	2.3178417682647705
2.0	2.8899402618408203
4.0	3.3999152183532715
1.0	1.3553977012634277
3.0	2.4833388328552246
3.0	2.9715726375579834
4.0	2.5135834217071533
3.0	2.147902488708496
2.0	2.0210039615631104
2.0	3.3281452655792236
4.0	3.436969041824341
3.0	3.3723576068878174
3.0	2.596364736557007
3.0	2.330965518951416
4.0	2.761549234390259
3.0	2.3110508918762207
3.0	2.5233304500579834
4.0	3.393784523010254
2.0	2.5265769958496094
4.0	3.4751546382904053
4.0	2.2491142749786377
4.0	3.48508882522583
3.0	2.4946930408477783
2.0	2.1856672763824463
1.0	1.5162100791931152
2.0	2.194500207901001
3.0	2.5584189891815186
3.0	2.6270389556884766
3.0	2.3504748344421387
2.0	2.6411824226379395
3.0	2.2708914279937744
3.0	2.214900016784668
4.0	3.3308701515197754
3.0	2.4982078075408936
3.0	2.2812981605529785
4.0	2.427222728729248
2.0	3.390617847442627
3.0	2.253293991088867
4.0	2.6313467025756836
3.0	2.102152109146118
3.0	2.5373427867889404
3.0	2.2842113971710205
3.0	2.5192155838012695
2.0	2.4237051010131836
3.0	2.0031142234802246
3.0	2.3041036128997803
4.0	3.3202900886535645
4.0	3.382951021194458
4.0	3.415459394454956
3.0	3.3568530082702637
3.0	2.2900750637054443
3.0	2.466752529144287
3.0	2.288433313369751
4.0	2.3026156425476074
1.0	2.1433537006378174
1.0	0.6613054275512695
3.0	2.681291103363037
3.0	2.0591111183166504
3.0	2.902111291885376
3.0	2.5985522270202637
3.0	2.356820583343506
3.0	2.477550506591797
3.0	2.4310367107391357
3.0	2.3475213050842285
3.0	2.373544454574585
4.0	2.3792052268981934
1.0	1.6548643112182617
4.0	3.409677028656006
3.0	2.104647397994995
3.0	2.7614407539367676
3.0	3.091355323791504
3.0	2.3813974857330322
3.0	2.8634328842163086
4.0	3.277719259262085
3.0	2.590217113494873
3.0	3.285952568054199
3.0	3.301297903060913
3.0	2.5621867179870605
3.0	2.390807628631592
4.0	3.335238456726074
