label	pred
4.0	3.625443458557129
1.0	1.065106987953186
4.0	3.605659246444702
3.0	2.7474586963653564
3.0	2.7720563411712646
3.0	3.185020685195923
2.0	2.140490770339966
2.0	2.0029985904693604
2.0	2.6827547550201416
2.0	2.788951873779297
3.0	3.3958942890167236
2.0	2.135889768600464
3.0	2.8878955841064453
3.0	3.011350393295288
3.0	2.9903364181518555
4.0	4.050451278686523
1.0	1.3893533945083618
3.0	3.284320592880249
3.0	2.7407588958740234
3.0	2.7624361515045166
4.0	3.6280367374420166
3.0	2.698450803756714
2.0	2.816114664077759
3.0	2.538339138031006
4.0	4.029995918273926
4.0	3.849003314971924
2.0	1.8993512392044067
1.0	1.2269376516342163
3.0	3.0589137077331543
3.0	2.6354572772979736
4.0	3.7624313831329346
3.0	2.3914480209350586
3.0	2.9989945888519287
1.0	1.2815455198287964
3.0	2.6178059577941895
2.0	2.207613706588745
1.0	1.0024470090866089
4.0	3.785053014755249
4.0	3.9067482948303223
3.0	3.4131429195404053
3.0	2.6840579509735107
3.0	2.905195474624634
4.0	4.13001823425293
1.0	1.3316624164581299
2.0	2.8043429851531982
3.0	2.9771034717559814
3.0	3.222501754760742
1.0	1.2224791049957275
3.0	3.1307919025421143
2.0	2.3057570457458496
4.0	4.048516750335693
3.0	3.377775192260742
3.0	2.592376947402954
4.0	3.8898282051086426
3.0	2.680516242980957
3.0	3.2278616428375244
4.0	3.715646505355835
4.0	3.846642017364502
3.0	2.8187501430511475
3.0	2.986020088195801
3.0	3.3866219520568848
2.0	1.7395524978637695
3.0	2.9550955295562744
3.0	3.295445680618286
2.0	1.8246921300888062
4.0	3.7021892070770264
3.0	3.5732131004333496
3.0	3.3218297958374023
2.0	1.8553822040557861
3.0	2.9846785068511963
4.0	3.897690534591675
3.0	2.8632287979125977
2.0	2.379591703414917
4.0	3.644606828689575
3.0	2.9488561153411865
2.0	2.2781918048858643
3.0	2.9250850677490234
3.0	2.789911985397339
3.0	3.04355525970459
2.0	2.2733256816864014
3.0	2.8243296146392822
2.0	2.1736257076263428
4.0	3.9859166145324707
2.0	3.170910358428955
2.0	2.0179898738861084
3.0	3.1239848136901855
4.0	4.0200018882751465
1.0	0.5700193643569946
2.0	3.094254732131958
3.0	3.0262861251831055
3.0	3.1289219856262207
2.0	2.0789639949798584
2.0	1.8569743633270264
3.0	3.819127321243286
2.0	1.953568696975708
4.0	4.224905014038086
3.0	2.558419942855835
3.0	3.218363046646118
4.0	3.4139561653137207
4.0	3.97929048538208
4.0	4.117072105407715
3.0	2.7760257720947266
3.0	3.1555697917938232
2.0	1.8077917098999023
3.0	3.3025872707366943
4.0	2.987861156463623
2.0	1.9961543083190918
4.0	2.877933979034424
3.0	3.2174293994903564
3.0	3.4451756477355957
3.0	2.8952958583831787
3.0	3.1450541019439697
2.0	1.8846136331558228
3.0	3.089862108230591
3.0	3.3697683811187744
3.0	2.495755672454834
3.0	2.565347671508789
3.0	3.094738006591797
4.0	3.2366387844085693
2.0	1.489410400390625
3.0	3.2136576175689697
4.0	3.820324182510376
2.0	2.570678472518921
3.0	2.683314323425293
3.0	2.991511344909668
1.0	1.2221230268478394
3.0	3.052943229675293
2.0	1.8585553169250488
4.0	3.7200868129730225
3.0	2.9570982456207275
3.0	3.075456142425537
4.0	3.9098269939422607
3.0	2.5397679805755615
4.0	3.3497395515441895
3.0	3.041306257247925
3.0	2.7574462890625
2.0	2.1760966777801514
3.0	2.6399552822113037
4.0	3.5820207595825195
3.0	2.564444065093994
3.0	2.742154359817505
4.0	3.920753002166748
4.0	3.6638660430908203
4.0	2.889657497406006
3.0	2.518673896789551
3.0	3.28812313079834
2.0	2.5142769813537598
2.0	1.53792142868042
3.0	3.047757863998413
4.0	3.534029483795166
2.0	2.5962038040161133
2.0	2.2680935859680176
3.0	2.152061700820923
3.0	2.802110433578491
2.0	2.150362491607666
3.0	2.698678493499756
3.0	3.005075693130493
4.0	3.343473196029663
2.0	2.6086831092834473
3.0	2.7380404472351074
3.0	2.717156410217285
2.0	2.2127225399017334
2.0	2.1837544441223145
4.0	3.0081124305725098
4.0	4.148852348327637
3.0	3.529060125350952
3.0	2.853607416152954
3.0	3.282773017883301
3.0	2.235088586807251
3.0	2.5922436714172363
4.0	3.882050037384033
3.0	3.005617618560791
3.0	2.7891435623168945
3.0	3.0664615631103516
2.0	2.7547857761383057
4.0	3.591292381286621
3.0	2.934140682220459
4.0	3.4915828704833984
4.0	4.01269006729126
3.0	2.821821928024292
2.0	2.6939985752105713
1.0	0.4768393337726593
1.0	1.2853187322616577
4.0	3.853637218475342
1.0	1.3985477685928345
1.0	0.676596999168396
3.0	3.121380090713501
3.0	2.6212897300720215
3.0	2.6278011798858643
2.0	1.9172765016555786
3.0	3.402759313583374
1.0	2.295168876647949
5.0	4.255616188049316
2.0	2.266090154647827
4.0	3.817265510559082
2.0	3.438756227493286
3.0	3.3236169815063477
3.0	2.4010350704193115
3.0	3.1288933753967285
3.0	2.787895441055298
3.0	3.5387182235717773
2.0	2.8446311950683594
3.0	3.160219669342041
3.0	2.962885618209839
3.0	3.18263578414917
0.0	0.10534787178039551
2.0	1.8769536018371582
3.0	2.8438243865966797
4.0	4.24207067489624
3.0	3.0679237842559814
3.0	3.298787832260132
3.0	3.728316307067871
3.0	3.0761382579803467
2.0	2.6573259830474854
4.0	3.847191572189331
3.0	3.026385545730591
3.0	3.149557113647461
4.0	4.21297550201416
3.0	3.2066287994384766
3.0	3.1845521926879883
4.0	3.9044272899627686
4.0	4.001349449157715
4.0	4.112484931945801
0.0	1.245831847190857
3.0	3.3275036811828613
4.0	3.7671737670898438
4.0	3.660046100616455
4.0	3.7661871910095215
3.0	3.0152039527893066
2.0	2.0206422805786133
3.0	3.238553762435913
3.0	2.768911123275757
3.0	3.079592704772949
2.0	2.6081972122192383
4.0	4.154925346374512
2.0	2.7201361656188965
3.0	3.278296709060669
3.0	3.381121873855591
2.0	1.945969820022583
3.0	3.385589838027954
2.0	2.4042139053344727
3.0	3.0038764476776123
3.0	3.285824775695801
3.0	2.4848687648773193
2.0	2.6918771266937256
2.0	2.2400145530700684
3.0	3.3993325233459473
2.0	3.2151641845703125
3.0	3.350290060043335
3.0	2.9824399948120117
2.0	2.10904598236084
3.0	2.626725196838379
1.0	1.6926765441894531
4.0	4.093457221984863
2.0	1.880253791809082
3.0	3.679780960083008
3.0	3.336199998855591
3.0	3.785165548324585
2.0	2.977771282196045
1.0	1.2864741086959839
3.0	3.2897558212280273
2.0	3.105165719985962
3.0	3.148101806640625
3.0	3.264108896255493
3.0	3.5416059494018555
3.0	3.206810712814331
1.0	1.9676742553710938
3.0	3.3315041065216064
1.0	2.0568017959594727
2.0	2.1908271312713623
3.0	3.5997252464294434
3.0	3.9100234508514404
3.0	3.774608612060547
3.0	2.902554750442505
2.0	2.395331859588623
2.0	2.153533697128296
1.0	0.7102488875389099
1.0	2.0289156436920166
1.0	2.2552974224090576
3.0	3.300774574279785
3.0	3.6072347164154053
3.0	3.067988157272339
2.0	2.7441205978393555
2.0	2.961333751678467
3.0	3.4675939083099365
3.0	3.600322961807251
3.0	4.199915409088135
1.0	1.6793962717056274
3.0	3.4415366649627686
3.0	2.8741953372955322
3.0	3.4612793922424316
2.0	2.945347547531128
2.0	3.069342613220215
3.0	3.652890682220459
3.0	3.2422914505004883
3.0	2.9911465644836426
3.0	3.548600673675537
3.0	2.9240686893463135
1.0	2.416995048522949
1.0	1.7758909463882446
2.0	2.645864963531494
2.0	2.8924825191497803
2.0	2.7298545837402344
3.0	3.6002397537231445
4.0	4.041267395019531
2.0	2.4017133712768555
1.0	1.824091911315918
3.0	3.553701162338257
2.0	2.7774271965026855
2.0	2.270439624786377
1.0	0.9462668299674988
0.0	0.1340693235397339
3.0	3.1032841205596924
2.0	2.769545555114746
2.0	2.1502809524536133
3.0	3.2590932846069336
3.0	3.6828136444091797
4.0	4.548642158508301
2.0	2.930795192718506
3.0	3.509850025177002
4.0	4.2444305419921875
3.0	3.8961501121520996
3.0	3.527275323867798
3.0	3.054548978805542
3.0	3.483720541000366
2.0	2.6472105979919434
1.0	0.49645134806632996
3.0	3.4485459327697754
2.0	2.904463052749634
1.0	1.9068983793258667
3.0	3.809115171432495
3.0	3.0895187854766846
2.0	2.6498186588287354
2.0	2.2475240230560303
3.0	3.0474138259887695
2.0	2.8954365253448486
2.0	2.2493152618408203
3.0	3.116149663925171
3.0	3.6544570922851562
3.0	3.4726033210754395
3.0	3.5184381008148193
3.0	3.302760124206543
3.0	3.2989914417266846
3.0	3.3818318843841553
2.0	2.1268069744110107
3.0	3.547102451324463
3.0	3.4579694271087646
2.0	2.4678099155426025
3.0	3.203956365585327
2.0	1.5568952560424805
2.0	2.63314151763916
2.0	2.1661148071289062
3.0	3.212221622467041
3.0	2.8070120811462402
2.0	2.087575674057007
3.0	2.778864622116089
2.0	2.144324779510498
3.0	2.867288827896118
3.0	3.2784030437469482
3.0	3.44948148727417
