label	pred
4.0	3.5022833347320557
1.0	1.7690025568008423
3.0	3.2184109687805176
3.0	3.023531436920166
2.0	2.6438944339752197
3.0	3.5614280700683594
2.0	2.6738266944885254
3.0	3.222318649291992
2.0	3.2393240928649902
3.0	3.3410074710845947
3.0	3.636474132537842
3.0	3.2134182453155518
2.0	2.594796657562256
2.0	2.5564560890197754
3.0	3.329683303833008
4.0	4.214857578277588
1.0	1.8259010314941406
2.0	2.5219614505767822
3.0	2.9730236530303955
3.0	3.3760852813720703
4.0	4.144834995269775
4.0	3.8609302043914795
2.0	2.7395801544189453
2.0	2.3732473850250244
4.0	3.9370882511138916
4.0	3.8764126300811768
2.0	2.3391175270080566
2.0	2.491192579269409
2.0	2.6257143020629883
2.0	2.567845106124878
3.0	3.136887788772583
2.0	2.711517333984375
2.0	2.5290639400482178
2.0	2.454397201538086
3.0	3.197288990020752
2.0	2.9128217697143555
1.0	1.688339114189148
3.0	3.6090707778930664
4.0	3.9459259510040283
3.0	3.0938198566436768
2.0	2.3276076316833496
2.0	2.5528929233551025
4.0	4.190146446228027
1.0	1.8256624937057495
3.0	3.5097053050994873
2.0	2.5218822956085205
2.0	3.030729055404663
1.0	2.165531635284424
4.0	4.181482315063477
2.0	2.5784034729003906
3.0	3.4857513904571533
2.0	2.242428779602051
2.0	2.611482620239258
5.0	4.733245849609375
3.0	3.4113051891326904
2.0	2.492274761199951
4.0	4.179492473602295
4.0	4.216346740722656
4.0	3.781613826751709
3.0	3.1711549758911133
2.0	2.9525551795959473
2.0	2.832315444946289
3.0	3.066359281539917
4.0	4.075031280517578
2.0	2.7123146057128906
5.0	4.533041954040527
4.0	4.2045087814331055
4.0	4.165987014770508
1.0	2.3003108501434326
2.0	2.7173869609832764
4.0	4.010868549346924
2.0	3.1466658115386963
3.0	3.656111717224121
3.0	3.166048049926758
2.0	2.795598030090332
2.0	2.6797914505004883
3.0	3.3458991050720215
3.0	3.3648974895477295
3.0	3.151825428009033
3.0	3.249854803085327
2.0	2.5151286125183105
2.0	3.2737231254577637
3.0	3.111482858657837
3.0	3.476496458053589
3.0	3.233363628387451
2.0	2.625363349914551
4.0	4.646770000457764
2.0	3.077122211456299
2.0	3.357698917388916
3.0	3.994121789932251
3.0	3.2772397994995117
3.0	3.734163522720337
2.0	2.9722225666046143
4.0	4.010773181915283
2.0	3.2365636825561523
4.0	4.124263286590576
3.0	3.001589298248291
3.0	3.858725070953369
3.0	3.175095319747925
4.0	4.241213321685791
3.0	3.595203161239624
2.0	3.2740795612335205
3.0	3.3470685482025146
1.0	1.7818646430969238
2.0	2.9676902294158936
4.0	4.186201095581055
1.0	2.3279709815979004
4.0	3.9493520259857178
2.0	2.8659441471099854
3.0	3.224924087524414
2.0	3.2120869159698486
4.0	3.927185297012329
2.0	2.6679444313049316
3.0	3.327362537384033
3.0	3.1500720977783203
3.0	3.656860589981079
2.0	2.5923867225646973
3.0	3.094634771347046
3.0	3.637589693069458
2.0	2.5972900390625
3.0	3.525986909866333
4.0	4.187152862548828
3.0	3.607161045074463
2.0	2.6963930130004883
3.0	3.137596607208252
2.0	2.7333438396453857
3.0	3.3558247089385986
2.0	2.2814738750457764
4.0	4.117406368255615
4.0	4.151731491088867
2.0	3.0630877017974854
3.0	3.6948347091674805
3.0	3.1831674575805664
3.0	3.2941417694091797
3.0	3.371340274810791
4.0	3.995025873184204
3.0	3.4300599098205566
3.0	3.1326780319213867
4.0	4.134218692779541
2.0	2.7829737663269043
2.0	2.3728256225585938
3.0	2.9918341636657715
4.0	3.842982053756714
3.0	3.3228299617767334
3.0	3.114522933959961
3.0	3.062896490097046
3.0	3.107882022857666
1.0	1.4491931200027466
3.0	3.3470447063446045
4.0	3.94826340675354
3.0	2.9802496433258057
1.0	2.303699016571045
2.0	2.183424234390259
2.0	2.3059942722320557
2.0	2.4400196075439453
2.0	2.8898892402648926
2.0	2.620685338973999
2.0	2.7068724632263184
4.0	4.130316734313965
3.0	2.874074697494507
4.0	3.8478446006774902
3.0	2.763831853866577
2.0	2.467454195022583
3.0	3.220865488052368
3.0	3.657038688659668
3.0	3.220094919204712
3.0	3.2951278686523438
3.0	3.608675956726074
2.0	2.4803643226623535
2.0	2.520226001739502
4.0	4.007036209106445
4.0	3.8320388793945312
2.0	2.534536123275757
3.0	3.4105327129364014
2.0	2.3336637020111084
5.0	4.564945220947266
2.0	2.4635159969329834
4.0	4.041889667510986
4.0	4.201515197753906
3.0	3.373572587966919
2.0	2.5161666870117188
1.0	1.8987947702407837
1.0	1.826940655708313
4.0	4.219487190246582
1.0	2.2073910236358643
1.0	1.9411730766296387
3.0	3.336475133895874
4.0	3.956170082092285
4.0	4.248659610748291
3.0	3.697256565093994
4.0	4.119270324707031
4.0	4.523344039916992
2.0	2.6279184818267822
2.0	2.5163257122039795
4.0	4.104095458984375
2.0	3.2619407176971436
3.0	3.0041897296905518
3.0	3.4686810970306396
4.0	4.474912166595459
3.0	3.6588008403778076
3.0	3.7558181285858154
3.0	3.4190878868103027
3.0	3.538111448287964
2.0	2.875009059906006
3.0	3.2149860858917236
0.0	1.5762397050857544
3.0	3.5079312324523926
2.0	2.7982118129730225
3.0	3.5243475437164307
3.0	3.7534635066986084
3.0	3.1997733116149902
2.0	2.4728822708129883
3.0	3.414733409881592
3.0	3.649487018585205
3.0	3.486194133758545
2.0	2.8094263076782227
2.0	2.772829294204712
3.0	3.3748581409454346
3.0	3.315692901611328
2.0	2.806880235671997
3.0	3.4252569675445557
3.0	3.2812445163726807
4.0	4.460592269897461
1.0	2.4581527709960938
3.0	3.187237501144409
4.0	4.146815299987793
3.0	3.326024293899536
4.0	4.423408508300781
3.0	3.0108041763305664
3.0	3.5915310382843018
3.0	3.4919164180755615
2.0	2.7655446529388428
4.0	4.3977131843566895
3.0	3.177401542663574
4.0	4.218495845794678
2.0	2.6181623935699463
4.0	4.440866947174072
3.0	3.2861111164093018
2.0	2.651510238647461
3.0	3.8176519870758057
3.0	3.7276992797851562
3.0	3.391653299331665
3.0	3.476821184158325
3.0	3.5097944736480713
3.0	3.3594470024108887
3.0	3.251481056213379
3.0	3.3933465480804443
3.0	3.1775691509246826
2.0	2.697031259536743
3.0	3.402482271194458
2.0	3.018012285232544
3.0	3.13448166847229
2.0	3.000993251800537
4.0	3.8961143493652344
1.0	2.064459800720215
2.0	2.3271985054016113
3.0	2.9401800632476807
3.0	3.1308345794677734
4.0	4.27710485458374
2.0	2.5584254264831543
3.0	3.4600563049316406
3.0	3.3915889263153076
3.0	3.3136613368988037
3.0	3.562703847885132
3.0	2.91626238822937
3.0	3.0020389556884766
1.0	1.9919015169143677
3.0	3.321373701095581
1.0	1.9635218381881714
2.0	2.547929525375366
3.0	3.148021936416626
3.0	3.256167411804199
2.0	2.267430067062378
4.0	4.462965488433838
3.0	3.4413435459136963
2.0	2.4525797367095947
0.0	1.2837021350860596
1.0	2.228203058242798
2.0	2.491283893585205
3.0	3.157630205154419
2.0	2.6494288444519043
2.0	2.6723923683166504
2.0	2.948610782623291
3.0	3.3394956588745117
2.0	2.7354609966278076
3.0	3.7088098526000977
3.0	3.321978807449341
2.0	2.4061601161956787
3.0	4.069374084472656
2.0	3.0540761947631836
2.0	3.212465524673462
2.0	2.7231945991516113
3.0	3.3417224884033203
2.0	2.5622029304504395
2.0	2.8042900562286377
3.0	3.826261520385742
2.0	3.176985502243042
2.0	2.6995155811309814
3.0	3.4954538345336914
1.0	2.1275699138641357
2.0	2.7094478607177734
3.0	3.8548455238342285
2.0	3.417670249938965
3.0	3.480156421661377
2.0	2.7782485485076904
2.0	2.711792469024658
1.0	1.8116872310638428
3.0	3.576824903488159
2.0	2.9470632076263428
2.0	2.8262438774108887
0.0	1.7031307220458984
0.0	1.3117365837097168
3.0	4.131963729858398
2.0	3.222750425338745
2.0	2.8592231273651123
2.0	2.761413335800171
3.0	4.2028279304504395
3.0	4.289115905761719
3.0	3.735109329223633
2.0	2.828066349029541
3.0	3.5308010578155518
2.0	3.0198633670806885
2.0	3.144627809524536
2.0	3.1492598056793213
4.0	4.345151424407959
2.0	3.0070114135742188
1.0	1.923082947731018
2.0	3.0837910175323486
3.0	4.212393283843994
1.0	2.540457248687744
3.0	4.204351425170898
3.0	3.786087989807129
2.0	2.987929582595825
2.0	3.421837329864502
2.0	3.2831873893737793
3.0	4.184505939483643
1.0	2.801384210586548
2.0	3.020020008087158
3.0	4.246490001678467
2.0	3.2159714698791504
3.0	4.104954719543457
3.0	3.939483880996704
3.0	4.124617099761963
3.0	4.429431915283203
3.0	4.397681713104248
2.0	3.346867799758911
4.0	4.767238140106201
2.0	3.4470419883728027
3.0	4.098748207092285
2.0	3.5657262802124023
2.0	3.3246068954467773
3.0	4.0221428871154785
3.0	4.1458635330200195
2.0	3.5478403568267822
3.0	4.301217555999756
3.0	4.381003379821777
2.0	3.155771017074585
3.0	4.042224407196045
3.0	4.283364772796631
3.0	4.132938385009766
