label,pred
3.0,2.8171145915985107
2.0,3.061379909515381
2.0,1.959152102470398
4.0,3.6995720863342285
2.0,3.349764347076416
3.0,3.3393187522888184
3.0,3.6730432510375977
3.0,3.3573157787323
4.0,3.538464069366455
2.0,3.3227736949920654
2.0,3.5686872005462646
3.0,3.5070481300354004
3.0,3.48956036567688
4.0,3.255131721496582
3.0,2.970024585723877
2.0,3.376037359237671
2.0,2.427361488342285
4.0,3.7144229412078857
4.0,3.454566478729248
4.0,3.54254150390625
3.0,3.0235719680786133
4.0,3.5974111557006836
2.0,2.4792356491088867
3.0,2.9232959747314453
3.0,3.7275876998901367
3.0,2.9703173637390137
3.0,3.507159471511841
3.0,3.7590909004211426
2.0,3.396451473236084
2.0,2.5335865020751953
3.0,3.140418529510498
3.0,3.330376625061035
4.0,3.8857672214508057
2.0,3.171679973602295
3.0,3.8943910598754883
3.0,3.3016743659973145
3.0,3.4995853900909424
4.0,3.7912750244140625
2.0,2.5171899795532227
3.0,2.5715537071228027
3.0,3.1276862621307373
3.0,2.8381824493408203
2.0,2.3344168663024902
4.0,3.6242048740386963
4.0,3.8998165130615234
3.0,3.3310272693634033
2.0,2.5532212257385254
4.0,3.300149440765381
2.0,2.962116241455078
3.0,3.860109329223633
3.0,3.5969784259796143
3.0,3.6683120727539062
2.0,3.294863224029541
4.0,3.723625659942627
4.0,3.4344303607940674
3.0,2.8932228088378906
4.0,3.8611021041870117
2.0,1.8415069580078125
2.0,2.494626998901367
1.0,2.231564521789551
3.0,3.8790173530578613
3.0,3.741316556930542
3.0,3.4991118907928467
5.0,3.538029670715332
3.0,3.677824020385742
3.0,2.4325625896453857
3.0,3.458173990249634
3.0,3.5884017944335938
3.0,3.239197254180908
3.0,3.0495619773864746
3.0,3.7813057899475098
1.0,3.2741968631744385
3.0,3.493450880050659
3.0,3.3448879718780518
4.0,3.8016302585601807
4.0,3.208580255508423
3.0,3.318024158477783
1.0,1.0846750736236572
3.0,3.5255930423736572
3.0,2.7980895042419434
3.0,3.7731502056121826
3.0,3.7648684978485107
3.0,3.7839884757995605
3.0,3.3360097408294678
4.0,3.759352207183838
3.0,3.1014721393585205
4.0,3.711561441421509
3.0,3.3061389923095703
3.0,3.247386932373047
3.0,3.6556925773620605
2.0,2.864013433456421
2.0,2.519124984741211
3.0,3.7250168323516846
4.0,3.7083182334899902
3.0,2.954219102859497
2.0,2.1058850288391113
3.0,3.4633045196533203
3.0,3.2051734924316406
3.0,3.361151695251465
1.0,2.142792224884033
4.0,3.614704132080078
2.0,2.79524564743042
4.0,3.833686590194702
3.0,3.578223943710327
4.0,3.9421775341033936
2.0,2.077653408050537
5.0,3.9057624340057373
3.0,3.4508321285247803
3.0,3.711682081222534
2.0,3.633815288543701
3.0,3.6753029823303223
2.0,2.568434715270996
4.0,2.7025415897369385
2.0,2.7889351844787598
3.0,3.5259437561035156
2.0,3.5093960762023926
2.0,3.2542648315429688
5.0,3.709141492843628
3.0,3.6272852420806885
4.0,3.819911479949951
3.0,2.584535837173462
3.0,3.544231414794922
3.0,2.719470500946045
4.0,3.8571927547454834
2.0,3.6370623111724854
2.0,3.6218042373657227
3.0,3.853646755218506
4.0,3.7701189517974854
2.0,2.847368001937866
3.0,4.083225727081299
3.0,3.098552703857422
3.0,4.0803608894348145
5.0,3.6711843013763428
3.0,3.907688617706299
3.0,3.8068134784698486
4.0,3.850902557373047
5.0,3.5838918685913086
1.0,0.6667726039886475
4.0,3.6349434852600098
2.0,2.851581573486328
2.0,2.7780191898345947
3.0,3.6277432441711426
2.0,3.47243070602417
3.0,3.2710020542144775
4.0,3.4607458114624023
3.0,2.498608112335205
2.0,2.3702754974365234
4.0,3.370943307876587
3.0,3.528688669204712
2.0,1.7736690044403076
4.0,3.798738479614258
3.0,3.51751446723938
2.0,2.740163564682007
1.0,2.2746376991271973
3.0,3.396423578262329
3.0,4.069003105163574
2.0,3.319974422454834
3.0,3.4042794704437256
3.0,3.665651321411133
2.0,1.2937817573547363
3.0,3.1573214530944824
2.0,2.9066827297210693
3.0,3.6536083221435547
3.0,2.846625566482544
3.0,3.1292033195495605
2.0,3.0609045028686523
3.0,2.6405248641967773
1.0,2.0936615467071533
1.0,2.5061919689178467
3.0,3.723707914352417
3.0,3.7114744186401367
2.0,3.3967723846435547
3.0,3.196087121963501
3.0,3.958481550216675
3.0,3.5450024604797363
2.0,2.35622239112854
3.0,3.8473572731018066
4.0,3.8648486137390137
4.0,3.938183069229126
3.0,3.327202320098877
4.0,3.817617177963257
3.0,3.5336084365844727
2.0,4.01950216293335
1.0,2.7746386528015137
2.0,2.95517897605896
2.0,2.404480457305908
3.0,3.5560543537139893
1.0,1.6965930461883545
2.0,1.6890122890472412
3.0,3.363337993621826
3.0,3.5258920192718506
2.0,3.544346570968628
2.0,2.0561208724975586
4.0,3.444082498550415
3.0,3.1476454734802246
3.0,3.2559010982513428
3.0,3.52750301361084
3.0,2.847548484802246
3.0,3.832002639770508
1.0,1.6983109712600708
2.0,3.025996208190918
3.0,3.624250888824463
4.0,3.5181751251220703
3.0,3.238285541534424
2.0,2.2308473587036133
4.0,3.825735092163086
2.0,2.947866439819336
4.0,3.1369688510894775
2.0,2.1492645740509033
2.0,3.215762138366699
5.0,3.944094181060791
3.0,3.67002534866333
3.0,3.199739933013916
5.0,3.9485042095184326
4.0,3.8298637866973877
4.0,3.8935749530792236
3.0,3.2715182304382324
2.0,3.076822519302368
3.0,3.299001693725586
4.0,3.8328521251678467
4.0,3.8367106914520264
2.0,2.506781816482544
1.0,0.784366250038147
3.0,3.128777027130127
3.0,3.432347536087036
3.0,2.7661638259887695
1.0,1.7779463529586792
5.0,3.6259286403656006
5.0,3.877470016479492
4.0,3.7532317638397217
2.0,3.045294761657715
2.0,1.9515482187271118
2.0,3.059028148651123
5.0,3.9221038818359375
2.0,3.135488748550415
3.0,3.7628345489501953
4.0,3.6642537117004395
4.0,3.059814214706421
3.0,2.6707842350006104
2.0,2.020477294921875
2.0,2.6960608959198
3.0,2.9604644775390625
3.0,3.4966936111450195
4.0,3.543527841567993
3.0,3.064157724380493
2.0,2.5372073650360107
3.0,3.482316493988037
3.0,3.335994005203247
1.0,2.165113925933838
4.0,3.820561408996582
4.0,3.8401026725769043
3.0,3.2726314067840576
5.0,3.9743635654449463
3.0,3.084047794342041
4.0,3.6773743629455566
3.0,3.026153326034546
3.0,2.9235527515411377
3.0,3.615497589111328
2.0,2.66630220413208
3.0,3.5472211837768555
3.0,3.159514904022217
3.0,3.202942371368408
4.0,3.687035083770752
4.0,3.6942298412323
2.0,3.0304198265075684
3.0,3.2915756702423096
3.0,3.5793983936309814
5.0,3.8070316314697266
2.0,2.441359043121338
4.0,4.01721715927124
2.0,2.8758487701416016
3.0,3.663390874862671
3.0,3.4797630310058594
3.0,3.3898394107818604
3.0,3.289522647857666
3.0,3.273594856262207
3.0,3.115642547607422
2.0,3.032853841781616
3.0,3.659085988998413
3.0,2.665447235107422
2.0,3.119074583053589
2.0,3.683382272720337
4.0,3.880742073059082
1.0,1.768358826637268
3.0,3.1413116455078125
3.0,3.5435597896575928
4.0,3.245784282684326
3.0,3.0789241790771484
2.0,2.707843780517578
2.0,3.7041375637054443
4.0,4.107431888580322
3.0,3.829421043395996
3.0,3.3954708576202393
3.0,3.616306781768799
4.0,3.500498056411743
3.0,3.3294808864593506
3.0,3.0687344074249268
4.0,3.7777915000915527
2.0,3.2046196460723877
4.0,3.7659363746643066
4.0,3.7179079055786133
4.0,3.9105985164642334
3.0,3.2940597534179688
2.0,2.656498908996582
1.0,1.678348422050476
2.0,2.6314520835876465
3.0,3.5983195304870605
3.0,3.5351943969726562
3.0,2.7791495323181152
2.0,3.4320037364959717
3.0,3.5233778953552246
3.0,2.7895634174346924
4.0,3.744098663330078
3.0,3.3590281009674072
3.0,3.0264384746551514
4.0,3.0969979763031006
2.0,3.8711893558502197
3.0,3.9087560176849365
4.0,3.6973211765289307
3.0,2.8826944828033447
3.0,3.4253358840942383
3.0,3.3311331272125244
3.0,3.6994667053222656
2.0,3.1257762908935547
3.0,2.189101457595825
3.0,3.3841919898986816
4.0,3.741135835647583
4.0,3.9262399673461914
4.0,3.968773603439331
3.0,3.7326176166534424
3.0,2.8017337322235107
3.0,3.22009539604187
3.0,3.2270984649658203
4.0,3.522169589996338
1.0,2.524306297302246
1.0,0.6091668009757996
3.0,3.4083375930786133
3.0,3.07081937789917
3.0,3.4126570224761963
3.0,2.9825546741485596
3.0,3.618030071258545
3.0,3.447679281234741
3.0,3.2681832313537598
3.0,3.098349094390869
3.0,3.3458309173583984
4.0,3.2868881225585938
1.0,2.1452748775482178
4.0,3.6301658153533936
3.0,2.8817694187164307
3.0,3.3426642417907715
3.0,3.6620585918426514
3.0,3.256563663482666
3.0,3.6104393005371094
4.0,3.6906638145446777
3.0,3.205723762512207
3.0,3.6341190338134766
3.0,3.6222939491271973
3.0,3.7092018127441406
3.0,3.062948226928711
4.0,3.7189998626708984
