label	pred
4.0	3.627779483795166
1.0	1.7924177646636963
2.0	2.639958143234253
4.0	3.7519240379333496
3.0	3.4016966819763184
2.0	3.0236992835998535
2.0	4.0621418952941895
4.0	3.880413770675659
2.0	3.4314303398132324
3.0	3.0628714561462402
2.0	2.9825448989868164
3.0	3.0126073360443115
4.0	3.869520425796509
2.0	3.3306074142456055
1.0	1.6257845163345337
3.0	3.525111198425293
4.0	4.144914150238037
4.0	3.2569053173065186
2.0	2.645395278930664
3.0	2.8665201663970947
3.0	3.2204396724700928
2.0	3.2639594078063965
2.0	2.1999874114990234
2.0	3.613292932510376
4.0	3.8502018451690674
4.0	3.4426214694976807
2.0	2.4794375896453857
0.0	1.2110164165496826
3.0	3.0524935722351074
3.0	3.0807249546051025
4.0	3.3307442665100098
3.0	3.4591212272644043
1.0	2.368062734603882
3.0	3.3273212909698486
3.0	2.8726062774658203
4.0	3.772630214691162
3.0	2.993903160095215
3.0	3.4944775104522705
3.0	3.2173807621002197
2.0	3.577133893966675
3.0	3.3659446239471436
4.0	3.1396689414978027
4.0	4.063299655914307
4.0	3.5626578330993652
3.0	3.2582943439483643
2.0	3.0044875144958496
4.0	4.078546524047852
3.0	2.965765953063965
4.0	3.5243980884552
3.0	3.2142140865325928
3.0	3.9568235874176025
2.0	2.589953899383545
3.0	3.376569986343384
2.0	2.7460527420043945
4.0	3.879260540008545
5.0	3.931037187576294
5.0	4.035689830780029
1.0	1.3382790088653564
2.0	2.867069959640503
3.0	3.4611258506774902
1.0	1.7781193256378174
2.0	2.396914482116699
3.0	3.42268705368042
4.0	4.124899864196777
3.0	3.1166305541992188
2.0	3.2932276725769043
2.0	2.820195198059082
3.0	3.2885549068450928
2.0	2.8200926780700684
2.0	2.9876089096069336
4.0	3.8353257179260254
3.0	3.1216158866882324
2.0	3.4066786766052246
3.0	3.7817697525024414
3.0	3.428386688232422
3.0	3.6251001358032227
3.0	3.572420597076416
3.0	3.1199543476104736
3.0	3.435081958770752
1.0	1.6410810947418213
3.0	3.360111951828003
3.0	3.4112203121185303
3.0	3.6889874935150146
3.0	3.302967071533203
3.0	3.3410277366638184
3.0	3.626601219177246
3.0	3.1625137329101562
2.0	1.965137243270874
1.0	1.0616037845611572
3.0	3.1969358921051025
2.0	2.5437982082366943
4.0	4.257977485656738
3.0	2.9504451751708984
2.0	3.1855335235595703
5.0	4.186350345611572
5.0	4.048449516296387
5.0	4.15933084487915
4.0	4.108870506286621
3.0	3.5446927547454834
5.0	4.124822616577148
3.0	3.358121395111084
4.0	3.494203805923462
3.0	4.102995872497559
3.0	2.785515546798706
3.0	3.007387161254883
3.0	3.1670761108398438
4.0	3.832240343093872
2.0	2.330087423324585
1.0	1.8508695363998413
2.0	2.119246006011963
3.0	3.3257956504821777
3.0	2.979285717010498
3.0	3.3453195095062256
2.0	2.173142910003662
1.0	2.4720966815948486
2.0	2.9464211463928223
3.0	3.1643261909484863
1.0	2.389329433441162
1.0	1.666304588317871
3.0	3.4497623443603516
2.0	2.75976300239563
3.0	4.324334144592285
2.0	2.97697114944458
2.0	2.880208730697632
3.0	2.899177312850952
2.0	2.796873092651367
4.0	4.0559868812561035
2.0	2.716472625732422
3.0	4.295051097869873
3.0	3.7164952754974365
2.0	3.137998342514038
3.0	3.568227767944336
2.0	3.023874521255493
3.0	3.267453908920288
2.0	2.9178826808929443
4.0	2.882341146469116
4.0	3.9725136756896973
3.0	3.192199230194092
2.0	2.877473831176758
3.0	3.192908525466919
1.0	1.8480474948883057
3.0	4.329710960388184
2.0	3.2474722862243652
3.0	3.5207114219665527
3.0	3.1296138763427734
2.0	3.1538803577423096
3.0	3.5182011127471924
5.0	3.9071884155273438
3.0	3.9483067989349365
3.0	3.654006242752075
3.0	3.501504421234131
4.0	3.7392120361328125
3.0	3.7641208171844482
2.0	2.7955260276794434
3.0	3.475532293319702
3.0	3.6597962379455566
3.0	3.7025973796844482
2.0	3.166442394256592
3.0	3.802523612976074
3.0	3.5749452114105225
3.0	3.1724326610565186
2.0	2.9773616790771484
3.0	3.3182084560394287
3.0	3.7843081951141357
2.0	3.584285020828247
3.0	3.6085891723632812
3.0	3.3169476985931396
3.0	4.140105724334717
2.0	2.734722852706909
1.0	1.3908063173294067
2.0	2.121239185333252
2.0	3.167775869369507
4.0	4.1618781089782715
3.0	3.575995445251465
3.0	3.5332143306732178
4.0	3.7079832553863525
2.0	2.370457172393799
3.0	2.773433208465576
3.0	2.9665725231170654
4.0	4.081801891326904
2.0	2.68269419670105
2.0	2.1429708003997803
4.0	3.6927099227905273
3.0	3.2997183799743652
3.0	3.593501091003418
3.0	3.614332675933838
2.0	2.8628451824188232
2.0	3.051344156265259
3.0	3.914945125579834
2.0	2.592714309692383
3.0	2.998943328857422
3.0	3.5173826217651367
3.0	2.7667789459228516
4.0	4.052943706512451
4.0	4.029065132141113
4.0	3.751465082168579
2.0	3.119105815887451
4.0	4.165421962738037
4.0	3.9801599979400635
2.0	1.8906649351119995
2.0	3.1058928966522217
2.0	3.0241479873657227
4.0	3.821485996246338
4.0	4.1641106605529785
2.0	2.869382381439209
3.0	3.6431899070739746
3.0	3.310330390930176
3.0	3.315661668777466
3.0	3.119713544845581
3.0	3.295743227005005
3.0	3.535644769668579
5.0	3.823448896408081
3.0	3.4042086601257324
5.0	4.19276237487793
2.0	2.47196626663208
3.0	3.495429754257202
4.0	3.2475788593292236
3.0	2.8165197372436523
4.0	3.6589527130126953
3.0	2.7397093772888184
2.0	2.9969608783721924
3.0	3.023016929626465
4.0	3.9151484966278076
3.0	3.1645004749298096
4.0	4.097073078155518
4.0	3.2614049911499023
3.0	3.134854316711426
2.0	3.2453343868255615
3.0	4.223515510559082
2.0	2.958664894104004
3.0	3.858642101287842
2.0	2.7156503200531006
3.0	4.057632923126221
3.0	3.284081220626831
5.0	4.173050880432129
4.0	3.7029290199279785
5.0	4.324208736419678
2.0	2.232325315475464
4.0	4.331131458282471
4.0	3.9529216289520264
3.0	3.0064780712127686
5.0	3.9746015071868896
3.0	3.6244726181030273
4.0	3.8785207271575928
2.0	2.103360652923584
2.0	3.080152750015259
3.0	3.311307191848755
3.0	2.897923469543457
3.0	3.1847174167633057
3.0	2.9984753131866455
4.0	4.1177873611450195
2.0	3.550625801086426
2.0	2.1149613857269287
4.0	3.819084405899048
2.0	2.53004789352417
3.0	3.4397406578063965
3.0	3.139603614807129
4.0	3.9702932834625244
4.0	3.843560218811035
1.0	1.6038352251052856
2.0	2.857570171356201
4.0	3.7880101203918457
2.0	2.723522186279297
0.0	1.11418879032135
3.0	3.7400083541870117
4.0	4.030149936676025
2.0	2.1312315464019775
1.0	1.3071506023406982
2.0	2.9705936908721924
4.0	4.01028299331665
3.0	3.6581568717956543
4.0	4.400484085083008
2.0	1.795817255973816
3.0	2.7280097007751465
3.0	3.619408369064331
4.0	3.6313629150390625
4.0	3.8174655437469482
3.0	3.9082272052764893
2.0	2.999718427658081
1.0	1.2954667806625366
3.0	3.920064687728882
1.0	2.1458969116210938
3.0	3.7707722187042236
4.0	3.9731667041778564
3.0	3.4763052463531494
4.0	4.362751007080078
2.0	2.4014828205108643
4.0	3.7990410327911377
5.0	4.176016330718994
3.0	3.44465708732605
3.0	3.855140447616577
3.0	3.6441547870635986
3.0	3.368438720703125
4.0	4.161828994750977
2.0	2.3118813037872314
4.0	4.142021179199219
3.0	3.2600109577178955
2.0	3.008934259414673
3.0	3.9462223052978516
4.0	4.05601692199707
4.0	4.0255608558654785
4.0	3.695110321044922
2.0	1.9301093816757202
4.0	4.0607008934021
5.0	4.061178684234619
3.0	3.0688130855560303
3.0	2.9911720752716064
2.0	3.064554214477539
3.0	3.4471864700317383
4.0	3.4558632373809814
3.0	3.792370080947876
2.0	3.141353130340576
3.0	3.1230313777923584
5.0	4.131528854370117
4.0	3.8528671264648438
3.0	3.3655781745910645
3.0	3.3467087745666504
2.0	3.0585262775421143
4.0	3.4048776626586914
2.0	2.6599442958831787
5.0	3.9893274307250977
4.0	3.9823358058929443
4.0	3.5613391399383545
3.0	3.362675189971924
3.0	3.337493896484375
3.0	2.7932519912719727
3.0	3.0157341957092285
3.0	3.184551239013672
4.0	4.238868713378906
3.0	3.3820128440856934
3.0	3.435434103012085
3.0	3.915358304977417
5.0	4.120617866516113
4.0	4.231421947479248
4.0	3.80464243888855
2.0	2.983158588409424
3.0	3.377107620239258
3.0	3.710886001586914
4.0	3.9987664222717285
3.0	3.6608612537384033
3.0	2.9037387371063232
2.0	3.016193389892578
3.0	3.4300694465637207
4.0	3.419210433959961
2.0	2.7260994911193848
4.0	3.814548969268799
2.0	2.5487098693847656
4.0	3.886491537094116
3.0	3.3604142665863037
3.0	3.8755295276641846
3.0	3.2001333236694336
2.0	2.1606345176696777
3.0	2.878096103668213
4.0	4.402266979217529
2.0	2.5984017848968506
2.0	2.611295700073242
4.0	3.732133626937866
3.0	2.832756757736206
2.0	2.6759657859802246
3.0	3.736375331878662
