label	pred
4.0	5.026971340179443
5.0	5.583226680755615
5.0	5.474135875701904
4.0	4.589048385620117
3.0	3.8984384536743164
3.0	4.023107528686523
1.0	1.3048882484436035
3.0	4.024202823638916
3.0	3.9168670177459717
2.0	2.929109573364258
3.0	4.019233703613281
3.0	3.790283203125
4.0	4.614356994628906
2.0	2.4421114921569824
1.0	1.8302357196807861
4.0	4.567552089691162
3.0	4.244728088378906
4.0	4.871494770050049
3.0	3.974407434463501
2.0	3.022977113723755
1.0	2.1165924072265625
3.0	3.8011474609375
2.0	2.9455349445343018
3.0	3.7921485900878906
3.0	3.863083600997925
3.0	3.798722743988037
3.0	4.0637006759643555
3.0	3.8572661876678467
3.0	3.9403939247131348
4.0	4.622880458831787
4.0	4.800218105316162
3.0	4.052295684814453
2.0	2.689323902130127
3.0	3.751047134399414
3.0	3.7560276985168457
3.0	3.75030779838562
0.0	0.27512165904045105
4.0	4.550084114074707
3.0	4.01786994934082
4.0	4.492740631103516
4.0	4.332528591156006
4.0	4.571623802185059
4.0	4.439691066741943
4.0	4.572569847106934
4.0	4.555019855499268
4.0	4.585068702697754
1.0	1.6949516534805298
3.0	3.9855103492736816
2.0	2.491398811340332
3.0	3.7868285179138184
3.0	3.407942295074463
4.0	4.529948711395264
3.0	3.180629253387451
3.0	3.368925094604492
3.0	3.7019994258880615
3.0	3.3061330318450928
2.0	2.274548292160034
2.0	2.5174899101257324
3.0	3.597940683364868
3.0	4.038966655731201
2.0	2.4116568565368652
3.0	3.3069729804992676
4.0	4.555903911590576
3.0	3.941891670227051
1.0	1.4061660766601562
3.0	3.35861873626709
3.0	3.2802181243896484
3.0	3.3424761295318604
3.0	3.459179162979126
3.0	3.511085271835327
3.0	3.5178332328796387
3.0	3.324873208999634
3.0	3.3735592365264893
3.0	3.1802287101745605
3.0	3.197025775909424
4.0	4.343703746795654
3.0	3.2683277130126953
3.0	3.17631196975708
3.0	3.330911159515381
4.0	4.344198226928711
4.0	4.091442108154297
4.0	4.286681175231934
2.0	1.8415199518203735
3.0	3.115476608276367
3.0	3.1933441162109375
4.0	4.267995357513428
2.0	2.3773930072784424
3.0	3.3641018867492676
3.0	3.066150188446045
1.0	0.751716136932373
4.0	4.081079959869385
1.0	0.7807938456535339
3.0	3.063168525695801
3.0	3.281172752380371
3.0	3.4252066612243652
2.0	2.192537784576416
4.0	4.015526294708252
3.0	2.939422130584717
3.0	3.0103468894958496
3.0	3.0460166931152344
3.0	3.1680967807769775
3.0	3.202787399291992
3.0	3.1440746784210205
3.0	3.3233604431152344
3.0	2.960669994354248
4.0	4.320296764373779
3.0	3.230567455291748
2.0	1.607452392578125
3.0	3.367619037628174
4.0	4.37766170501709
4.0	4.203322887420654
4.0	3.9304966926574707
4.0	4.191473484039307
3.0	3.470348834991455
4.0	4.225598335266113
4.0	3.5578408241271973
4.0	4.257838726043701
4.0	4.236215591430664
3.0	3.3743388652801514
4.0	4.277126312255859
4.0	4.23896598815918
4.0	4.384822845458984
4.0	4.04110050201416
4.0	4.344395160675049
5.0	4.780756950378418
5.0	4.929629325866699
3.0	3.0034704208374023
4.0	4.333980560302734
4.0	4.149164199829102
1.0	0.3670031726360321
3.0	3.014852523803711
4.0	4.312439918518066
2.0	1.9383076429367065
3.0	2.8159422874450684
3.0	3.0606253147125244
4.0	4.295875072479248
3.0	3.0847249031066895
2.0	1.9197614192962646
3.0	2.8764963150024414
3.0	3.193491220474243
3.0	3.213226556777954
4.0	4.067689895629883
0.0	-0.2560952305793762
2.0	2.17474102973938
4.0	4.15647029876709
3.0	3.3762784004211426
4.0	4.3288092613220215
3.0	3.3393051624298096
3.0	3.2045397758483887
4.0	4.3689727783203125
4.0	4.329409122467041
3.0	3.171267509460449
3.0	3.20479679107666
4.0	4.076425075531006
1.0	0.4688331186771393
3.0	3.2385120391845703
4.0	4.580179691314697
4.0	4.464964866638184
4.0	4.2646026611328125
5.0	5.058787822723389
3.0	3.0191650390625
4.0	4.32490348815918
1.0	0.49447476863861084
3.0	3.516603469848633
3.0	3.503993511199951
4.0	4.530065536499023
3.0	3.424788236618042
3.0	3.0952022075653076
3.0	3.2124228477478027
2.0	1.889168381690979
4.0	4.590285778045654
3.0	3.3184094429016113
1.0	0.7760766744613647
4.0	4.262998580932617
3.0	3.2697649002075195
3.0	3.2453317642211914
4.0	4.553678035736084
3.0	3.15903377532959
2.0	2.1227078437805176
3.0	3.380415916442871
2.0	2.1737279891967773
2.0	2.048513889312744
3.0	3.2889511585235596
4.0	4.356173038482666
3.0	3.30661940574646
2.0	2.2803688049316406
3.0	3.1677193641662598
2.0	2.0842502117156982
3.0	3.5018084049224854
2.0	2.1238515377044678
2.0	2.3374855518341064
2.0	2.1007015705108643
1.0	0.9019577503204346
2.0	2.4881536960601807
3.0	3.387660503387451
4.0	4.08944845199585
3.0	3.1729588508605957
2.0	2.179442882537842
3.0	3.4618711471557617
3.0	3.7495224475860596
2.0	2.1456868648529053
2.0	2.3167641162872314
3.0	3.293652057647705
3.0	3.472146987915039
1.0	0.7791506052017212
3.0	3.544307231903076
3.0	3.35404634475708
2.0	2.2516403198242188
3.0	3.309938907623291
3.0	3.5984249114990234
2.0	1.9668973684310913
3.0	3.4178719520568848
2.0	2.6226441860198975
2.0	2.335491180419922
4.0	4.755123138427734
3.0	3.543152332305908
4.0	4.788195610046387
3.0	3.631718158721924
2.0	2.3062026500701904
2.0	2.439448833465576
2.0	2.3983397483825684
3.0	3.9421653747558594
2.0	2.4651684761047363
1.0	1.2126673460006714
2.0	3.1333680152893066
2.0	2.041518211364746
3.0	3.6148173809051514
2.0	2.3965861797332764
2.0	2.243840217590332
2.0	2.434204339981079
3.0	3.428358554840088
3.0	3.377474308013916
1.0	1.780962586402893
1.0	2.3007965087890625
2.0	3.3906946182250977
1.0	1.4307178258895874
2.0	2.5338077545166016
3.0	3.723353862762451
2.0	2.694427251815796
1.0	1.3036221265792847
0.0	0.3334622383117676
2.0	2.3917620182037354
2.0	2.774440288543701
3.0	4.164888381958008
2.0	2.711833953857422
4.0	4.666972637176514
2.0	2.804267406463623
1.0	1.173148274421692
2.0	2.8918893337249756
3.0	3.9508938789367676
3.0	3.910348653793335
4.0	4.7533278465271
2.0	3.3059260845184326
3.0	4.053782939910889
1.0	1.5223336219787598
1.0	1.782260537147522
2.0	2.5254945755004883
2.0	2.6510748863220215
3.0	3.6506361961364746
4.0	4.776198387145996
3.0	3.759336233139038
3.0	3.727262020111084
3.0	3.5253067016601562
2.0	2.8964147567749023
3.0	3.9285035133361816
1.0	1.1731467247009277
4.0	4.727156162261963
4.0	4.5962324142456055
4.0	4.7193498611450195
3.0	3.56949520111084
3.0	3.5188441276550293
4.0	4.855790615081787
3.0	3.8046677112579346
3.0	3.8452959060668945
2.0	2.2270140647888184
2.0	2.3977115154266357
3.0	3.619767904281616
4.0	4.596023082733154
2.0	2.4741992950439453
3.0	3.702707290649414
4.0	4.704052925109863
3.0	4.207668781280518
4.0	4.611745834350586
2.0	2.489208936691284
3.0	3.7155275344848633
3.0	3.8442959785461426
3.0	3.711897611618042
4.0	4.707854747772217
3.0	3.704845905303955
3.0	3.591764450073242
3.0	3.5744175910949707
3.0	3.5409255027770996
2.0	2.526394844055176
3.0	4.09962272644043
2.0	3.005476713180542
2.0	2.469072103500366
2.0	2.4206058979034424
3.0	3.814084529876709
1.0	1.5050263404846191
1.0	0.8616669178009033
4.0	4.604374408721924
5.0	5.215719699859619
4.0	4.503998279571533
3.0	3.5867955684661865
3.0	3.459150791168213
3.0	3.628042221069336
3.0	3.6359798908233643
3.0	3.5360352993011475
4.0	4.535294055938721
3.0	3.806136131286621
3.0	3.4652717113494873
3.0	3.6310596466064453
1.0	1.6901638507843018
2.0	2.2874393463134766
3.0	3.557075262069702
3.0	3.7146337032318115
2.0	2.8026726245880127
1.0	1.2901982069015503
2.0	2.3602828979492188
1.0	1.1454497575759888
3.0	3.805737257003784
3.0	3.5293633937835693
3.0	3.5794272422790527
2.0	2.5746657848358154
4.0	4.451383590698242
4.0	4.416901588439941
1.0	1.3682456016540527
3.0	3.880336046218872
3.0	3.5582523345947266
3.0	3.7772107124328613
3.0	3.427903652191162
3.0	3.5923900604248047
0.0	-0.003213907591998577
4.0	4.611866474151611
3.0	3.1457931995391846
5.0	5.060406684875488
4.0	4.456557750701904
3.0	3.450603723526001
3.0	3.5592164993286133
3.0	3.7719886302948
4.0	4.527999401092529
3.0	3.486703634262085
3.0	3.225738525390625
2.0	2.65690279006958
3.0	3.7941248416900635
2.0	2.704244613647461
3.0	3.5155434608459473
4.0	4.467783451080322
4.0	4.585743427276611
3.0	3.455967426300049
4.0	4.544443130493164
4.0	4.525293350219727
3.0	3.541661262512207
3.0	3.691744565963745
2.0	2.623556613922119
2.0	2.8552675247192383
3.0	3.4264378547668457
1.0	1.1246720552444458
3.0	3.6464691162109375
4.0	4.51652717590332
