label	pred
4.0	3.92232084274292
1.0	2.086958408355713
2.0	2.475841522216797
4.0	4.112973690032959
3.0	4.039120197296143
2.0	2.9158987998962402
2.0	3.9626693725585938
4.0	3.873018741607666
2.0	3.6732428073883057
3.0	3.685988187789917
2.0	2.791313886642456
3.0	2.615492105484009
4.0	3.9966673851013184
2.0	3.1752638816833496
1.0	1.7008157968521118
3.0	3.8460135459899902
4.0	4.0537848472595215
4.0	2.9597854614257812
2.0	2.538891315460205
3.0	2.7804768085479736
3.0	2.7021548748016357
2.0	3.210899829864502
2.0	2.443068742752075
2.0	3.765766143798828
4.0	3.9186947345733643
4.0	3.2981715202331543
2.0	2.095032215118408
0.0	1.6201326847076416
3.0	3.293604850769043
3.0	3.3999838829040527
4.0	3.4038498401641846
3.0	3.3900675773620605
1.0	2.0432980060577393
3.0	4.28035306930542
3.0	3.1032094955444336
4.0	4.03184175491333
3.0	3.5062386989593506
3.0	3.9659483432769775
3.0	2.9929747581481934
2.0	3.3423328399658203
3.0	3.429579734802246
4.0	3.211740493774414
4.0	3.6444175243377686
4.0	4.1041412353515625
3.0	2.9652633666992188
2.0	3.268510103225708
4.0	3.9851183891296387
3.0	3.052664279937744
4.0	3.2437117099761963
3.0	3.229987859725952
3.0	3.9933905601501465
2.0	2.3658816814422607
3.0	3.9096434116363525
2.0	2.456501007080078
4.0	3.664547920227051
5.0	3.7050297260284424
5.0	4.385769844055176
1.0	1.7914555072784424
2.0	2.3423855304718018
3.0	3.9914536476135254
1.0	1.6695131063461304
2.0	2.7606003284454346
3.0	3.783252716064453
4.0	3.9821622371673584
3.0	2.6736607551574707
2.0	2.7694737911224365
2.0	2.471017360687256
3.0	3.668572187423706
2.0	2.4203696250915527
2.0	3.056969165802002
4.0	3.676811456680298
3.0	3.116135835647583
2.0	2.789320230484009
3.0	4.097853660583496
3.0	3.0476126670837402
3.0	3.531160593032837
3.0	3.8956997394561768
3.0	3.187624216079712
3.0	3.2864246368408203
1.0	1.9201266765594482
3.0	3.183166027069092
3.0	3.6163992881774902
3.0	3.8627164363861084
3.0	3.2657735347747803
3.0	3.6121888160705566
3.0	3.6851329803466797
3.0	3.153871774673462
2.0	2.1221511363983154
1.0	1.1927679777145386
3.0	3.7089357376098633
2.0	3.0274276733398438
4.0	3.801413059234619
3.0	2.911586284637451
2.0	3.2612104415893555
5.0	4.177513122558594
5.0	4.147129058837891
5.0	4.0547919273376465
4.0	3.8024823665618896
3.0	3.1202635765075684
5.0	3.7897651195526123
3.0	3.764599561691284
4.0	3.40065860748291
3.0	3.6630911827087402
3.0	3.702491521835327
3.0	3.1414361000061035
3.0	2.9424667358398438
4.0	4.037844657897949
2.0	2.056546449661255
1.0	1.5978220701217651
2.0	1.712460994720459
3.0	2.833491802215576
3.0	2.954256534576416
3.0	3.437345504760742
2.0	2.3463032245635986
1.0	1.8036617040634155
2.0	3.1100990772247314
3.0	3.174370288848877
1.0	2.401643991470337
1.0	1.511091709136963
3.0	3.9191770553588867
2.0	2.601088523864746
3.0	4.255664348602295
2.0	3.1839020252227783
2.0	2.478637456893921
3.0	2.6815237998962402
2.0	3.157799005508423
4.0	4.085309982299805
2.0	2.4523305892944336
3.0	4.099692344665527
3.0	4.43471097946167
2.0	2.9482102394104004
3.0	3.4381070137023926
2.0	2.8470964431762695
3.0	3.464449167251587
2.0	2.9806084632873535
4.0	2.6350221633911133
4.0	3.2909200191497803
3.0	3.342094659805298
2.0	2.928907632827759
3.0	3.088777780532837
1.0	1.922255277633667
3.0	3.959280014038086
2.0	3.6782851219177246
3.0	4.198040962219238
3.0	3.6202962398529053
2.0	2.546980857849121
3.0	3.4941697120666504
5.0	3.9241557121276855
3.0	3.747419834136963
3.0	3.8126702308654785
3.0	3.62378191947937
4.0	3.824411392211914
3.0	4.086386680603027
2.0	2.624234199523926
3.0	3.4809823036193848
3.0	3.613555669784546
3.0	4.001840114593506
2.0	3.026749610900879
3.0	3.8285553455352783
3.0	3.3575682640075684
3.0	2.8932340145111084
2.0	2.5686774253845215
3.0	3.8698949813842773
3.0	3.7686164379119873
2.0	4.267038345336914
3.0	3.6151740550994873
3.0	3.690080165863037
3.0	4.092321395874023
2.0	2.677849769592285
1.0	1.4748711585998535
2.0	2.503537178039551
2.0	3.5942320823669434
4.0	3.894090175628662
3.0	3.6055221557617188
3.0	3.197704792022705
4.0	3.74237322807312
2.0	2.470823287963867
3.0	2.614194631576538
3.0	3.0521280765533447
4.0	4.0722503662109375
2.0	2.3872931003570557
2.0	2.0310144424438477
4.0	3.4769887924194336
3.0	3.5766987800598145
3.0	3.6541495323181152
3.0	3.239262580871582
2.0	2.5012149810791016
2.0	2.815420389175415
3.0	4.032501220703125
2.0	2.6165051460266113
3.0	2.6394684314727783
3.0	3.3630428314208984
3.0	3.5203499794006348
4.0	3.9352781772613525
4.0	3.6886301040649414
4.0	3.7576024532318115
2.0	2.664504289627075
4.0	3.8264029026031494
4.0	4.017128944396973
2.0	2.011869430541992
2.0	3.3400650024414062
2.0	3.671844005584717
4.0	3.5756609439849854
4.0	3.341599702835083
2.0	2.1059694290161133
3.0	3.788743257522583
3.0	3.5827159881591797
3.0	3.4114229679107666
3.0	2.9195876121520996
3.0	3.0106632709503174
3.0	3.8039393424987793
5.0	3.935166120529175
3.0	3.3969528675079346
5.0	4.005030155181885
2.0	2.7252464294433594
3.0	3.4425270557403564
4.0	3.989173173904419
3.0	3.2213850021362305
4.0	3.8982386589050293
3.0	3.0709457397460938
2.0	2.712012767791748
3.0	3.763765335083008
4.0	3.905505657196045
3.0	3.877312183380127
4.0	3.9178271293640137
4.0	3.8263278007507324
3.0	3.7091827392578125
2.0	3.1848971843719482
3.0	4.007496356964111
2.0	3.151318311691284
3.0	3.6004066467285156
2.0	2.073105573654175
3.0	3.7094039916992188
3.0	3.0534849166870117
5.0	3.9665236473083496
4.0	4.11834192276001
5.0	4.130590438842773
2.0	2.084749937057495
4.0	3.792736053466797
4.0	3.9985246658325195
3.0	3.3211169242858887
5.0	4.217477321624756
3.0	4.441641807556152
4.0	3.6124675273895264
2.0	1.9653217792510986
2.0	3.749768018722534
3.0	3.5994598865509033
3.0	2.6394476890563965
3.0	3.273613691329956
3.0	3.5991592407226562
4.0	4.0600104331970215
2.0	3.502851963043213
2.0	2.0293517112731934
4.0	3.8789737224578857
2.0	2.4698543548583984
3.0	3.612558603286743
3.0	3.0721981525421143
4.0	3.7733147144317627
4.0	3.905848503112793
1.0	1.6933562755584717
2.0	2.580653190612793
4.0	3.785662889480591
2.0	2.610541820526123
0.0	1.547202467918396
3.0	3.7830541133880615
4.0	3.2402374744415283
2.0	1.9743927717208862
1.0	1.153010368347168
2.0	2.64593768119812
4.0	3.7182273864746094
3.0	3.9701457023620605
4.0	4.037521839141846
2.0	1.5301854610443115
3.0	2.6070289611816406
3.0	3.7541823387145996
4.0	3.8847157955169678
4.0	3.6698858737945557
3.0	4.060866355895996
2.0	2.745352029800415
1.0	1.3704880475997925
3.0	4.045573711395264
1.0	1.9751412868499756
3.0	3.899416208267212
4.0	3.6182806491851807
3.0	2.9505856037139893
4.0	4.353250026702881
2.0	2.4678540229797363
4.0	3.865734815597534
5.0	3.9127421379089355
3.0	3.3844380378723145
3.0	4.13950252532959
3.0	3.9028244018554688
3.0	3.9160971641540527
4.0	3.787740707397461
2.0	2.041736125946045
4.0	4.309799671173096
3.0	3.400283098220825
2.0	3.5138604640960693
3.0	4.044707775115967
4.0	4.006390571594238
4.0	4.117496967315674
4.0	4.10103702545166
2.0	2.230879068374634
4.0	3.840895175933838
5.0	3.846353530883789
3.0	3.298024892807007
3.0	2.0268731117248535
2.0	2.8980062007904053
3.0	3.961251974105835
4.0	4.224822998046875
3.0	4.086627006530762
2.0	2.6176605224609375
3.0	3.852360963821411
5.0	4.013149261474609
4.0	4.134110450744629
3.0	4.041629791259766
3.0	3.6152994632720947
2.0	2.879990816116333
4.0	3.463453769683838
2.0	2.654849052429199
5.0	4.131600856781006
4.0	4.03986120223999
4.0	3.7091031074523926
3.0	2.895131826400757
3.0	3.4950783252716064
3.0	3.2129263877868652
3.0	3.006226062774658
3.0	3.1620218753814697
4.0	3.895392417907715
3.0	3.6319005489349365
3.0	3.797557830810547
3.0	4.001376628875732
5.0	3.7915730476379395
4.0	3.996464490890503
4.0	3.267976760864258
2.0	2.4907045364379883
3.0	3.3183062076568604
3.0	3.9714646339416504
4.0	4.278753280639648
3.0	3.6792678833007812
3.0	2.723151683807373
2.0	2.4955790042877197
3.0	3.547231435775757
4.0	3.9428482055664062
2.0	2.613802194595337
4.0	3.8114051818847656
2.0	2.1568410396575928
4.0	4.261063098907471
3.0	2.8989474773406982
3.0	3.7978315353393555
3.0	3.002484083175659
2.0	1.9325960874557495
3.0	3.2967607975006104
4.0	4.08923864364624
2.0	2.4473161697387695
2.0	2.4995267391204834
4.0	3.9803802967071533
3.0	2.908823013305664
2.0	2.284480094909668
3.0	4.1123762130737305
