label	pred
3.0	3.0737831592559814
3.0	2.858753204345703
4.0	4.0258378982543945
4.0	4.2588701248168945
3.0	3.133150815963745
3.0	2.434462547302246
3.0	3.3744208812713623
1.0	0.9219779372215271
3.0	3.561973810195923
2.0	2.2390265464782715
2.0	2.1310858726501465
3.0	3.0538134574890137
3.0	3.3180813789367676
3.0	2.875213384628296
3.0	3.2600631713867188
3.0	3.326364278793335
4.0	3.7212679386138916
2.0	2.168428421020508
3.0	3.0669825077056885
2.0	1.7488455772399902
4.0	4.0210185050964355
2.0	2.0169689655303955
2.0	2.234616279602051
3.0	3.3703012466430664
3.0	3.3562705516815186
3.0	3.4167463779449463
3.0	3.502117395401001
2.0	2.049525260925293
3.0	3.322434425354004
3.0	3.3419835567474365
3.0	3.5530529022216797
3.0	2.9109630584716797
3.0	3.2748069763183594
2.0	3.034902334213257
2.0	2.3908708095550537
3.0	3.552565097808838
3.0	3.7528326511383057
3.0	3.654951333999634
3.0	3.6278183460235596
3.0	3.4213809967041016
2.0	2.4417777061462402
3.0	3.6801161766052246
3.0	3.2698373794555664
3.0	4.014021396636963
2.0	2.540433168411255
3.0	3.3054065704345703
2.0	2.8871712684631348
3.0	3.4122233390808105
3.0	3.6258978843688965
3.0	3.515024185180664
3.0	3.4787864685058594
3.0	3.578559160232544
2.0	2.5511491298675537
4.0	4.4546613693237305
1.0	1.5390592813491821
2.0	2.6219842433929443
3.0	3.6483190059661865
1.0	1.7618083953857422
2.0	2.5881547927856445
2.0	3.0017242431640625
2.0	2.3192012310028076
2.0	2.4936296939849854
2.0	2.7649452686309814
2.0	2.773167610168457
2.0	2.7801477909088135
3.0	3.6221837997436523
2.0	2.400895595550537
3.0	3.7961316108703613
3.0	4.0216474533081055
3.0	3.978585720062256
3.0	4.1170783042907715
3.0	3.670203685760498
4.0	4.842936038970947
3.0	3.848094940185547
3.0	3.906872510910034
3.0	3.9390134811401367
3.0	3.9156606197357178
3.0	3.9111478328704834
2.0	3.0440561771392822
3.0	4.096552848815918
3.0	4.090900421142578
3.0	3.6608123779296875
2.0	2.7327938079833984
4.0	4.912644863128662
3.0	4.213550567626953
3.0	3.850238084793091
3.0	4.394374370574951
4.0	4.8456315994262695
3.0	3.7863399982452393
3.0	3.932255744934082
3.0	3.7956061363220215
2.0	3.2519776821136475
3.0	3.5544204711914062
3.0	3.5633485317230225
2.0	2.6631243228912354
3.0	3.679975986480713
3.0	3.588329315185547
3.0	3.9001102447509766
3.0	3.7469234466552734
3.0	3.6134259700775146
4.0	4.467913627624512
2.0	2.8123912811279297
4.0	4.477799415588379
2.0	2.9156482219696045
3.0	3.7449073791503906
2.0	2.119094133377075
3.0	3.955270290374756
4.0	4.698099136352539
3.0	3.6284878253936768
2.0	2.2957491874694824
3.0	3.574061870574951
3.0	3.747612476348877
3.0	3.5540759563446045
4.0	4.500122547149658
4.0	4.480597019195557
3.0	3.3200173377990723
4.0	4.2589430809021
2.0	2.7954790592193604
4.0	4.298938274383545
3.0	3.3256499767303467
2.0	2.6105175018310547
3.0	3.812965154647827
4.0	4.338808536529541
1.0	1.7863194942474365
3.0	3.6044445037841797
3.0	3.230394124984741
3.0	3.2874293327331543
5.0	5.111316680908203
2.0	2.2485480308532715
1.0	1.3611246347427368
4.0	4.354012489318848
4.0	4.1005473136901855
4.0	3.6277613639831543
2.0	1.8625400066375732
3.0	3.3979010581970215
2.0	2.115211009979248
4.0	4.43143892288208
4.0	4.063963413238525
4.0	4.382346153259277
3.0	3.7052316665649414
4.0	4.461223602294922
3.0	3.5443294048309326
1.0	0.8095563650131226
3.0	2.953293561935425
4.0	4.278616428375244
3.0	3.32198166847229
2.0	2.1741561889648438
3.0	3.0495965480804443
2.0	1.6686736345291138
3.0	3.0903282165527344
3.0	3.357532501220703
3.0	3.1845531463623047
1.0	1.1225249767303467
2.0	1.8088093996047974
3.0	2.8253073692321777
3.0	3.246521472930908
3.0	3.0774292945861816
2.0	2.131183385848999
2.0	1.9167249202728271
4.0	4.044721603393555
3.0	3.2352664470672607
4.0	4.154111385345459
2.0	2.691215991973877
3.0	3.2008824348449707
4.0	4.111092567443848
3.0	3.1081972122192383
3.0	3.2792556285858154
3.0	3.2370710372924805
4.0	3.9556376934051514
3.0	2.7437679767608643
3.0	3.2474279403686523
3.0	3.2534050941467285
4.0	4.260965824127197
2.0	1.7580279111862183
3.0	3.02172589302063
2.0	2.1685397624969482
2.0	1.9301161766052246
2.0	1.8334381580352783
1.0	0.7649507522583008
3.0	2.7813305854797363
3.0	3.4330239295959473
3.0	2.8096587657928467
3.0	3.0568020343780518
3.0	3.345742702484131
3.0	2.772390127182007
3.0	3.4321272373199463
3.0	3.134892225265503
2.0	2.094420909881592
3.0	3.1908774375915527
3.0	2.7534780502319336
3.0	3.3809006214141846
3.0	3.3656890392303467
4.0	4.292998790740967
3.0	2.9572184085845947
4.0	4.375983715057373
1.0	1.4887858629226685
3.0	3.539379119873047
3.0	3.2229113578796387
4.0	3.976771354675293
3.0	3.1896262168884277
2.0	1.942099690437317
2.0	1.8804399967193604
3.0	3.335404396057129
3.0	3.2485713958740234
4.0	4.0850958824157715
3.0	3.296921730041504
3.0	3.1811037063598633
2.0	2.133836507797241
4.0	4.430698394775391
3.0	3.2246315479278564
1.0	1.235590934753418
3.0	3.225909471511841
2.0	2.476893663406372
4.0	4.248828411102295
4.0	4.038887023925781
3.0	3.3689351081848145
3.0	3.2996623516082764
4.0	4.510280609130859
3.0	3.6005706787109375
3.0	3.464747667312622
3.0	3.9691014289855957
3.0	3.584282159805298
2.0	2.6621596813201904
3.0	3.453801155090332
2.0	2.6516530513763428
4.0	4.52740478515625
1.0	1.2044380903244019
3.0	3.671175241470337
3.0	3.4774606227874756
3.0	3.2257204055786133
3.0	3.7939913272857666
3.0	3.5917422771453857
4.0	4.440546989440918
3.0	3.720583438873291
1.0	1.8617892265319824
4.0	4.664302825927734
4.0	4.443239212036133
3.0	3.291173219680786
4.0	4.50977087020874
3.0	3.4483413696289062
3.0	3.5029401779174805
3.0	3.697624444961548
5.0	5.139277458190918
3.0	3.514533281326294
2.0	2.1581223011016846
4.0	4.243831634521484
3.0	3.7364144325256348
3.0	3.4930222034454346
4.0	4.351343154907227
3.0	3.413773775100708
4.0	4.508427619934082
1.0	1.0520812273025513
1.0	1.03091561794281
2.0	2.2042224407196045
4.0	4.109141826629639
4.0	4.569021701812744
1.0	1.5815925598144531
3.0	3.188570022583008
3.0	3.2979416847229004
3.0	3.2656593322753906
3.0	3.3221004009246826
2.0	2.1245174407958984
1.0	1.4409552812576294
3.0	3.535515069961548
3.0	3.0417230129241943
3.0	3.245666265487671
2.0	2.4102673530578613
4.0	4.678281784057617
3.0	3.5903565883636475
2.0	2.0984935760498047
4.0	4.35267448425293
3.0	3.337810754776001
3.0	2.9783363342285156
3.0	3.4552626609802246
3.0	3.3098278045654297
2.0	2.477792739868164
3.0	3.5473263263702393
2.0	1.9741530418395996
4.0	4.135610580444336
4.0	4.4715704917907715
3.0	3.220313549041748
2.0	2.3615305423736572
2.0	2.525108814239502
3.0	2.9888839721679688
3.0	3.270103693008423
1.0	1.0994129180908203
3.0	3.480239152908325
4.0	4.157864093780518
3.0	3.351073980331421
2.0	1.9809482097625732
3.0	3.281409978866577
3.0	3.118547201156616
4.0	4.15044641494751
4.0	4.314012050628662
4.0	4.284517765045166
1.0	0.927588939666748
3.0	3.4395039081573486
5.0	4.909634590148926
1.0	0.5960203409194946
3.0	2.8602352142333984
3.0	3.399195671081543
3.0	3.0964174270629883
3.0	3.088003396987915
2.0	1.8542853593826294
1.0	1.5661826133728027
5.0	4.711251735687256
1.0	0.8476361036300659
3.0	3.5344481468200684
4.0	3.8522565364837646
3.0	2.7035036087036133
3.0	3.0503745079040527
1.0	0.7816689014434814
4.0	4.00177526473999
4.0	3.9540743827819824
4.0	3.8088276386260986
4.0	4.037924766540527
1.0	0.9256069660186768
4.0	4.06353759765625
3.0	3.097470283508301
2.0	1.927571415901184
3.0	3.147784471511841
3.0	2.7530410289764404
2.0	2.1152167320251465
3.0	3.4060699939727783
1.0	1.0743845701217651
3.0	2.683476448059082
4.0	4.209985256195068
4.0	4.29362154006958
2.0	2.0604848861694336
3.0	2.901416540145874
3.0	3.410416603088379
4.0	3.990938186645508
4.0	3.6570775508880615
4.0	3.9630632400512695
5.0	4.873014450073242
4.0	4.058798789978027
3.0	3.049179792404175
4.0	3.889608383178711
3.0	2.9735031127929688
3.0	3.279998540878296
4.0	3.8000693321228027
2.0	2.014603853225708
3.0	2.6904635429382324
4.0	3.982928991317749
3.0	3.280378818511963
4.0	3.9364659786224365
3.0	2.9653050899505615
3.0	3.1053264141082764
3.0	3.185901403427124
3.0	2.980163335800171
3.0	3.2287302017211914
4.0	3.5358760356903076
4.0	4.153094291687012
4.0	3.784594774246216
4.0	3.976754903793335
3.0	3.027743339538574
4.0	4.201521873474121
4.0	3.8485705852508545
4.0	3.950580358505249
4.0	4.080674648284912
