label	pred
4.0	4.1518731117248535
1.0	2.297285795211792
2.0	2.5062978267669678
4.0	4.3141913414001465
3.0	3.5436742305755615
2.0	3.2442126274108887
2.0	4.603182792663574
4.0	3.9336888790130615
2.0	3.2705914974212646
3.0	3.65995192527771
2.0	2.61554217338562
3.0	3.422914505004883
4.0	3.4812355041503906
2.0	3.16927170753479
1.0	1.5124937295913696
3.0	3.184276819229126
4.0	4.140933990478516
4.0	2.942606210708618
2.0	2.6634159088134766
3.0	3.0636868476867676
3.0	2.978722333908081
2.0	3.7266929149627686
2.0	2.65262508392334
2.0	3.2845194339752197
4.0	4.237977027893066
4.0	3.633450984954834
2.0	2.5986268520355225
0.0	1.2235525846481323
3.0	2.90116810798645
3.0	3.2710297107696533
4.0	4.275486946105957
3.0	3.7391510009765625
1.0	2.6249372959136963
3.0	2.969766855239868
3.0	3.338942766189575
4.0	4.140598773956299
3.0	3.372121810913086
3.0	3.9214859008789062
3.0	3.571518898010254
2.0	3.6591036319732666
3.0	3.598066568374634
4.0	3.7750887870788574
4.0	4.3534836769104
4.0	4.188490390777588
3.0	2.747340202331543
2.0	3.5098464488983154
4.0	4.385571479797363
3.0	3.1418590545654297
4.0	3.923457622528076
3.0	3.5932962894439697
3.0	4.963401794433594
2.0	2.8711235523223877
3.0	3.763914108276367
2.0	3.265387773513794
4.0	4.27874231338501
5.0	4.075998783111572
5.0	4.723199367523193
1.0	1.689189076423645
2.0	2.999563694000244
3.0	4.078125
1.0	1.8093643188476562
2.0	3.0930423736572266
3.0	3.7790982723236084
4.0	4.874518394470215
3.0	2.5561273097991943
2.0	3.2597742080688477
2.0	2.727686643600464
3.0	4.155767917633057
2.0	2.465388774871826
2.0	3.0638651847839355
4.0	4.294490337371826
3.0	3.3311691284179688
2.0	3.7631349563598633
3.0	3.9545083045959473
3.0	3.279585361480713
3.0	3.4756548404693604
3.0	3.7036969661712646
3.0	2.9915881156921387
3.0	3.7602572441101074
1.0	2.5059962272644043
3.0	3.490454912185669
3.0	3.908120632171631
3.0	3.7399396896362305
3.0	3.39911150932312
3.0	3.878836154937744
3.0	3.800121545791626
3.0	3.050978899002075
2.0	2.4142825603485107
1.0	1.3027756214141846
3.0	3.902765989303589
2.0	2.477924346923828
4.0	4.2049713134765625
3.0	3.3432931900024414
2.0	3.410695791244507
5.0	3.6994271278381348
5.0	3.8961293697357178
5.0	4.085104465484619
4.0	4.67188835144043
3.0	3.3864426612854004
5.0	4.440054416656494
3.0	3.3647642135620117
4.0	3.5249104499816895
3.0	4.492705821990967
3.0	3.2725746631622314
3.0	2.7762088775634766
3.0	3.1788361072540283
4.0	4.039229869842529
2.0	2.6797475814819336
1.0	1.7782388925552368
2.0	2.2644901275634766
3.0	2.96976637840271
3.0	2.9146413803100586
3.0	3.6375668048858643
2.0	1.7080304622650146
1.0	2.17461895942688
2.0	3.0998494625091553
3.0	3.4358768463134766
1.0	2.8546793460845947
1.0	1.5218151807785034
3.0	4.71650505065918
2.0	2.6365134716033936
3.0	4.6415934562683105
2.0	3.051502227783203
2.0	3.075702667236328
3.0	2.980640172958374
2.0	3.4141721725463867
4.0	4.32667350769043
2.0	2.5411555767059326
3.0	4.44003963470459
3.0	4.0256500244140625
2.0	3.6525323390960693
3.0	4.241822242736816
2.0	2.305208921432495
3.0	3.6629273891448975
2.0	2.9199085235595703
4.0	2.684863805770874
4.0	3.7511203289031982
3.0	3.5286195278167725
2.0	2.9075255393981934
3.0	3.0070149898529053
1.0	2.1128687858581543
3.0	4.057892799377441
2.0	3.535059690475464
3.0	4.090562343597412
3.0	3.155308723449707
2.0	3.00056791305542
3.0	4.080563068389893
5.0	3.82835054397583
3.0	3.594928026199341
3.0	3.31479549407959
3.0	3.8020176887512207
4.0	3.801856756210327
3.0	4.152287483215332
2.0	3.4756975173950195
3.0	3.3173828125
3.0	4.070080757141113
3.0	3.9759669303894043
2.0	3.3379414081573486
3.0	3.5313937664031982
3.0	2.8075613975524902
3.0	2.995239019393921
2.0	2.986222982406616
3.0	3.759105682373047
3.0	4.00351619720459
2.0	4.107361316680908
3.0	3.615934371948242
3.0	3.3858871459960938
3.0	4.316923141479492
2.0	2.6787848472595215
1.0	0.9127223491668701
2.0	1.7747313976287842
2.0	3.5440399646759033
4.0	3.9626035690307617
3.0	3.918706178665161
3.0	3.5749518871307373
4.0	4.354941368103027
2.0	1.8197510242462158
3.0	2.042391061782837
3.0	3.6082983016967773
4.0	3.977745294570923
2.0	2.896989583969116
2.0	2.2057926654815674
4.0	4.229827880859375
3.0	3.7009530067443848
3.0	3.853818416595459
3.0	3.9100351333618164
2.0	3.1427085399627686
2.0	3.091437578201294
3.0	4.103209495544434
2.0	2.498910427093506
3.0	3.097809314727783
3.0	3.712876796722412
3.0	3.232656478881836
4.0	4.619979381561279
4.0	4.295437812805176
4.0	3.8791961669921875
2.0	3.4854042530059814
4.0	4.232337951660156
4.0	3.4681477546691895
2.0	2.475428342819214
2.0	3.0267367362976074
2.0	3.549344301223755
4.0	4.020719051361084
4.0	4.277786731719971
2.0	2.7332119941711426
3.0	3.6396114826202393
3.0	3.6200578212738037
3.0	3.6773483753204346
3.0	3.3729820251464844
3.0	3.278122901916504
3.0	4.266544818878174
5.0	4.257427215576172
3.0	3.1046817302703857
5.0	4.660069942474365
2.0	2.747112989425659
3.0	3.946528911590576
4.0	4.019877910614014
3.0	3.6050162315368652
4.0	4.260385513305664
3.0	2.6432440280914307
2.0	2.891016721725464
3.0	3.819962978363037
4.0	3.7692205905914307
3.0	3.1044082641601562
4.0	3.8031423091888428
4.0	3.9411139488220215
3.0	3.7846572399139404
2.0	3.6714165210723877
3.0	4.3087029457092285
2.0	3.4683940410614014
3.0	4.008305549621582
2.0	2.269871950149536
3.0	3.5588603019714355
3.0	2.989868402481079
5.0	4.635254859924316
4.0	4.145181179046631
5.0	4.166745185852051
2.0	2.5715370178222656
4.0	3.68329119682312
4.0	3.775596857070923
3.0	2.9705898761749268
5.0	4.290164947509766
3.0	4.450209617614746
4.0	4.265131950378418
2.0	2.0310328006744385
2.0	3.38857364654541
3.0	3.776488780975342
3.0	2.336864471435547
3.0	3.4238474369049072
3.0	2.886453628540039
4.0	4.4538726806640625
2.0	3.5087053775787354
2.0	2.3104584217071533
4.0	4.278170585632324
2.0	2.7207436561584473
3.0	3.3291451930999756
3.0	3.538067579269409
4.0	3.933255434036255
4.0	3.8332066535949707
1.0	1.4770703315734863
2.0	2.852907180786133
4.0	4.190415382385254
2.0	2.641360282897949
0.0	1.3023101091384888
3.0	4.16683292388916
4.0	4.0072479248046875
2.0	1.8101495504379272
1.0	1.4069913625717163
2.0	2.859445810317993
4.0	4.299123287200928
3.0	3.576414108276367
4.0	4.466758728027344
2.0	2.465590000152588
3.0	3.1468417644500732
3.0	3.310417652130127
4.0	3.79076886177063
4.0	4.738116264343262
3.0	4.214578151702881
2.0	3.459346055984497
1.0	0.9563196897506714
3.0	4.078351974487305
1.0	2.2127394676208496
3.0	4.403165340423584
4.0	3.694281578063965
3.0	3.52494740486145
4.0	4.268039226531982
2.0	2.172299861907959
4.0	4.22243070602417
5.0	4.427757263183594
3.0	3.111581563949585
3.0	3.6102538108825684
3.0	3.575986862182617
3.0	3.778865098953247
4.0	4.266668796539307
2.0	2.073171854019165
4.0	4.00793981552124
3.0	2.84299373626709
2.0	3.577172040939331
3.0	4.2132649421691895
4.0	4.302319049835205
4.0	4.399333953857422
4.0	3.785233736038208
2.0	1.8436939716339111
4.0	4.0478315353393555
5.0	4.214036464691162
3.0	3.720357656478882
3.0	2.511859655380249
2.0	3.5136332511901855
3.0	4.442833423614502
4.0	3.082387685775757
3.0	3.674384117126465
2.0	2.4755613803863525
3.0	3.628124237060547
5.0	4.645228385925293
4.0	4.187177658081055
3.0	3.565433979034424
3.0	4.115917682647705
2.0	3.581249475479126
4.0	3.311232566833496
2.0	2.705294609069824
5.0	4.310213088989258
4.0	4.086892604827881
4.0	4.299602508544922
3.0	2.732564926147461
3.0	3.6666347980499268
3.0	3.343100070953369
3.0	2.9268977642059326
3.0	3.5803775787353516
4.0	4.59990119934082
3.0	3.1665711402893066
3.0	4.358894348144531
3.0	4.330730438232422
5.0	4.769962787628174
4.0	4.922541618347168
4.0	3.5596940517425537
2.0	3.6228132247924805
3.0	3.2317965030670166
3.0	4.124365329742432
4.0	4.495931148529053
3.0	3.768418550491333
3.0	3.6012799739837646
2.0	3.0883114337921143
3.0	3.920647144317627
4.0	3.676576852798462
2.0	3.064053773880005
4.0	3.615206241607666
2.0	2.113537311553955
4.0	4.121254920959473
3.0	3.7529995441436768
3.0	3.5021655559539795
3.0	3.4717960357666016
2.0	2.0408976078033447
3.0	3.09753155708313
4.0	4.757378578186035
2.0	2.472245454788208
2.0	2.820082902908325
4.0	3.9746322631835938
3.0	2.6378161907196045
2.0	2.9368181228637695
3.0	3.631525993347168
