label	pred
4.0	5.28331995010376
5.0	5.684574127197266
5.0	5.780573844909668
4.0	4.837269306182861
3.0	3.989513874053955
3.0	4.426761150360107
1.0	1.8296350240707397
3.0	4.120924472808838
3.0	4.058645248413086
2.0	2.877507448196411
3.0	3.9535415172576904
3.0	3.8603110313415527
4.0	5.002610683441162
2.0	3.264669418334961
1.0	2.223503828048706
4.0	4.808830261230469
3.0	4.374456405639648
4.0	5.061269760131836
3.0	4.044183731079102
2.0	3.207188367843628
1.0	2.4581243991851807
3.0	3.863109827041626
2.0	2.925873279571533
3.0	3.7840375900268555
3.0	4.095611572265625
3.0	4.1814188957214355
3.0	4.332464218139648
3.0	3.955416202545166
3.0	4.372880935668945
4.0	4.78162145614624
4.0	4.974037170410156
3.0	4.374582767486572
2.0	2.963700294494629
3.0	3.943232774734497
3.0	4.045772552490234
3.0	3.9152894020080566
0.0	0.746638298034668
4.0	4.689430236816406
3.0	4.0660319328308105
4.0	4.749119758605957
4.0	4.528995513916016
4.0	4.63444709777832
4.0	4.71116828918457
4.0	4.849264621734619
4.0	4.6472578048706055
4.0	4.809514999389648
1.0	1.954079270362854
3.0	3.849839448928833
2.0	2.794163942337036
3.0	4.0801262855529785
3.0	3.4671521186828613
4.0	4.776018142700195
3.0	3.3186142444610596
3.0	3.5296905040740967
3.0	3.9387381076812744
3.0	3.6307947635650635
2.0	2.3752505779266357
2.0	2.7548258304595947
3.0	3.5000100135803223
3.0	4.529018402099609
2.0	2.7171807289123535
3.0	3.458477735519409
4.0	4.774482727050781
3.0	3.87187123298645
1.0	1.440039873123169
3.0	3.342221260070801
3.0	3.399439573287964
3.0	3.52120304107666
3.0	3.465405225753784
3.0	3.4769294261932373
3.0	3.6654889583587646
3.0	3.4784462451934814
3.0	3.4559359550476074
3.0	3.2027385234832764
3.0	3.2662885189056396
4.0	4.443353176116943
3.0	3.3210744857788086
3.0	3.3999550342559814
3.0	3.3874104022979736
4.0	4.535510063171387
4.0	4.526796340942383
4.0	4.491819858551025
2.0	2.2939085960388184
3.0	3.180767774581909
3.0	3.3190290927886963
4.0	4.537808895111084
2.0	2.5806987285614014
3.0	3.478773832321167
3.0	3.454381227493286
1.0	1.0227797031402588
4.0	4.110055923461914
1.0	1.1130465269088745
3.0	3.2797787189483643
3.0	3.5084378719329834
3.0	3.553232431411743
2.0	2.296529531478882
4.0	4.259971618652344
3.0	3.152651071548462
3.0	3.232137680053711
3.0	3.1812679767608643
3.0	3.2430782318115234
3.0	3.3291420936584473
3.0	3.4168894290924072
3.0	3.383317708969116
3.0	3.3535478115081787
4.0	4.383631229400635
3.0	3.4043736457824707
2.0	1.900200605392456
3.0	3.715468645095825
4.0	4.456866264343262
4.0	4.114668846130371
4.0	4.098050117492676
4.0	4.481566905975342
3.0	3.5095205307006836
4.0	4.349368095397949
4.0	3.8802530765533447
4.0	4.284712314605713
4.0	4.2708635330200195
3.0	3.4862449169158936
4.0	4.3874311447143555
4.0	4.224150657653809
4.0	4.477341651916504
4.0	4.091071605682373
4.0	4.451208591461182
5.0	5.131394386291504
5.0	5.246434211730957
3.0	3.121927261352539
4.0	4.549014091491699
4.0	4.312556743621826
1.0	0.8173055052757263
3.0	3.2413723468780518
4.0	4.53434944152832
2.0	2.0783300399780273
3.0	2.8528177738189697
3.0	3.1072700023651123
4.0	4.38444709777832
3.0	3.3452892303466797
2.0	2.2579338550567627
3.0	3.332761287689209
3.0	3.233569383621216
3.0	3.2485969066619873
4.0	4.358115196228027
0.0	0.15801647305488586
2.0	2.245575189590454
4.0	4.5516791343688965
3.0	3.467521905899048
4.0	4.543794631958008
3.0	3.420379877090454
3.0	3.314002275466919
4.0	4.507838249206543
4.0	4.478362560272217
3.0	3.226351022720337
3.0	3.290173053741455
4.0	4.319912433624268
1.0	0.9635698795318604
3.0	3.4234557151794434
4.0	4.648983001708984
4.0	4.498934745788574
4.0	4.453139305114746
5.0	5.369199275970459
3.0	3.1404829025268555
4.0	4.565782070159912
1.0	1.0007604360580444
3.0	3.388329267501831
3.0	3.7754414081573486
4.0	4.680629730224609
3.0	3.3839547634124756
3.0	3.3736393451690674
3.0	3.2872235774993896
2.0	2.098146915435791
4.0	4.735411167144775
3.0	3.470824718475342
1.0	0.974711537361145
4.0	4.427094459533691
3.0	3.3611881732940674
3.0	3.687469244003296
4.0	4.686144828796387
3.0	3.331941843032837
2.0	2.0217032432556152
3.0	3.6556389331817627
2.0	2.487297773361206
2.0	2.3869762420654297
3.0	3.2314000129699707
4.0	4.528600215911865
3.0	3.6082615852355957
2.0	2.4829061031341553
3.0	3.2699334621429443
2.0	2.332094430923462
3.0	3.729602575302124
2.0	2.490898370742798
2.0	2.500171661376953
2.0	2.1983652114868164
1.0	1.4594581127166748
2.0	2.3440663814544678
3.0	3.3323543071746826
4.0	4.169027805328369
3.0	3.375084638595581
2.0	2.264477014541626
3.0	3.5735647678375244
3.0	3.679983615875244
2.0	2.4003870487213135
2.0	2.4136900901794434
3.0	3.433696746826172
3.0	3.5291919708251953
1.0	1.063209891319275
3.0	3.7698616981506348
3.0	3.472163200378418
2.0	2.5042123794555664
3.0	3.4436957836151123
3.0	3.751836061477661
2.0	2.2911136150360107
3.0	3.5567214488983154
2.0	2.7876675128936768
2.0	2.60907244682312
4.0	4.876120567321777
3.0	3.5981333255767822
4.0	5.046336650848389
3.0	3.766913652420044
2.0	2.5843050479888916
2.0	2.815131425857544
2.0	2.7405617237091064
3.0	3.6066737174987793
2.0	2.630549669265747
1.0	1.534702181816101
2.0	3.047076463699341
2.0	2.6487009525299072
3.0	3.7536380290985107
2.0	2.646394729614258
2.0	2.6033101081848145
2.0	2.4936811923980713
3.0	3.483048915863037
3.0	3.5547783374786377
1.0	1.8577927350997925
1.0	2.1700618267059326
2.0	3.470557928085327
1.0	1.838911533355713
2.0	2.7625460624694824
3.0	3.903428792953491
2.0	2.8450887203216553
1.0	1.7348625659942627
0.0	0.6534504890441895
2.0	2.6045801639556885
2.0	2.9128074645996094
3.0	4.349724769592285
2.0	2.733253240585327
4.0	4.99718713760376
2.0	2.9266889095306396
1.0	1.6530625820159912
2.0	2.8293468952178955
3.0	3.986243724822998
3.0	4.142448902130127
4.0	4.991670608520508
2.0	3.306927442550659
3.0	4.212763786315918
1.0	1.7614163160324097
1.0	1.9077792167663574
2.0	2.791581869125366
2.0	2.8721330165863037
3.0	4.23063850402832
4.0	4.9755048751831055
3.0	4.161391735076904
3.0	3.805906295776367
3.0	3.664386510848999
2.0	3.166318416595459
3.0	4.181957244873047
1.0	1.6473379135131836
4.0	4.937583923339844
4.0	4.794881343841553
4.0	5.032569885253906
3.0	3.6403110027313232
3.0	3.658550500869751
4.0	4.970115661621094
3.0	3.8996927738189697
3.0	3.901914119720459
2.0	2.415090560913086
2.0	2.823514461517334
3.0	3.819647789001465
4.0	4.854936599731445
2.0	2.8559515476226807
3.0	3.8588554859161377
4.0	4.894481658935547
3.0	3.9484732151031494
4.0	4.857717990875244
2.0	2.9785871505737305
3.0	3.782594680786133
3.0	3.8537161350250244
3.0	3.9410526752471924
4.0	4.923001766204834
3.0	3.9597463607788086
3.0	3.742454767227173
3.0	3.586204767227173
3.0	3.9194071292877197
2.0	2.6774256229400635
3.0	4.228886604309082
2.0	3.209656000137329
2.0	2.828643321990967
2.0	2.732149839401245
3.0	3.780808925628662
1.0	1.8071479797363281
1.0	1.3829892873764038
4.0	4.734120845794678
5.0	5.535262584686279
4.0	4.671670436859131
3.0	3.6760306358337402
3.0	3.5671355724334717
3.0	3.8260910511016846
3.0	3.727051019668579
3.0	3.571061372756958
4.0	4.655894756317139
3.0	3.8755810260772705
3.0	3.628425121307373
3.0	3.7047712802886963
1.0	1.8063342571258545
2.0	2.566673517227173
3.0	3.750898838043213
3.0	3.6266119480133057
2.0	2.847475051879883
1.0	1.4484248161315918
2.0	2.584721088409424
1.0	1.5826911926269531
3.0	3.8449385166168213
3.0	3.670428514480591
3.0	3.612104892730713
2.0	2.6254770755767822
4.0	4.610369682312012
4.0	4.5176682472229
1.0	1.5584498643875122
3.0	3.8217434883117676
3.0	3.5534703731536865
3.0	3.7955875396728516
3.0	3.8187801837921143
3.0	3.8827102184295654
0.0	0.3993470072746277
4.0	4.864670753479004
3.0	3.3924081325531006
5.0	5.360130786895752
4.0	4.657093048095703
3.0	3.5300955772399902
3.0	3.7069337368011475
3.0	3.799999237060547
4.0	4.871672630310059
3.0	3.7871291637420654
3.0	3.526965618133545
2.0	2.790414810180664
3.0	3.833571672439575
2.0	2.7777562141418457
3.0	3.687736988067627
4.0	4.586954593658447
4.0	4.824257850646973
3.0	3.626521348953247
4.0	4.733700752258301
4.0	4.698431015014648
3.0	3.751629114151001
3.0	3.699852228164673
2.0	2.6905879974365234
2.0	3.0194785594940186
3.0	3.574460029602051
1.0	1.6919500827789307
3.0	3.6724565029144287
4.0	4.69189977645874
