label	pred
4.0	4.718283653259277
5.0	5.851944923400879
5.0	5.75413179397583
4.0	5.389542579650879
3.0	3.9608280658721924
3.0	3.769073963165283
1.0	1.4752740859985352
3.0	4.266367435455322
3.0	3.9394631385803223
2.0	3.022510528564453
3.0	3.979020833969116
3.0	4.038496494293213
4.0	4.957693099975586
2.0	2.267887830734253
1.0	1.8627631664276123
4.0	4.544415473937988
3.0	3.8444607257843018
4.0	4.561539173126221
3.0	4.298487186431885
2.0	2.8649919033050537
1.0	1.9139113426208496
3.0	4.027933120727539
2.0	3.274341106414795
3.0	4.029624938964844
3.0	3.967992067337036
3.0	3.524052143096924
3.0	3.7067625522613525
3.0	3.700026035308838
3.0	3.6649374961853027
4.0	4.807236671447754
4.0	4.600250720977783
3.0	3.9633402824401855
2.0	2.343780279159546
3.0	4.199618339538574
3.0	3.6176888942718506
3.0	3.699000358581543
0.0	0.6233882308006287
4.0	4.75548791885376
3.0	3.8831517696380615
4.0	4.425789833068848
4.0	4.509378433227539
4.0	4.482735633850098
4.0	4.414859771728516
4.0	4.343071937561035
4.0	4.673613548278809
4.0	4.624730110168457
1.0	1.2400760650634766
3.0	3.789682388305664
2.0	2.690023422241211
3.0	3.276378870010376
3.0	3.2900173664093018
4.0	4.400562286376953
3.0	3.1367783546447754
3.0	3.6830222606658936
3.0	3.574777841567993
3.0	3.420685291290283
2.0	2.418644905090332
2.0	2.2472219467163086
3.0	3.573857307434082
3.0	3.7075016498565674
2.0	2.9538028240203857
3.0	4.008056163787842
4.0	4.66450834274292
3.0	3.733743667602539
1.0	1.3033325672149658
3.0	3.662966251373291
3.0	3.5674221515655518
3.0	3.164722442626953
3.0	3.656010627746582
3.0	3.409580707550049
3.0	3.471740245819092
3.0	3.2677063941955566
3.0	3.235245943069458
3.0	3.2430641651153564
3.0	2.8549065589904785
4.0	4.158060550689697
3.0	3.2565512657165527
3.0	3.4416592121124268
3.0	3.391162633895874
4.0	4.585201263427734
4.0	4.439039707183838
4.0	4.327991962432861
2.0	2.0550220012664795
3.0	2.9685561656951904
3.0	3.0984654426574707
4.0	4.065086364746094
2.0	2.1799843311309814
3.0	3.3007991313934326
3.0	3.1234004497528076
1.0	0.7970456480979919
4.0	3.8036422729492188
1.0	0.7858390212059021
3.0	3.2589902877807617
3.0	3.3110077381134033
3.0	2.8767030239105225
2.0	2.1827080249786377
4.0	3.765803337097168
3.0	2.845629930496216
3.0	2.8991799354553223
3.0	3.3424010276794434
3.0	3.5904462337493896
3.0	3.0981693267822266
3.0	3.0340054035186768
3.0	3.177361488342285
3.0	2.951374053955078
4.0	4.128713130950928
3.0	3.103433132171631
2.0	1.6292351484298706
3.0	2.939471483230591
4.0	4.071530342102051
4.0	3.9190268516540527
4.0	4.198915004730225
4.0	4.060361862182617
3.0	3.380201578140259
4.0	4.184271812438965
4.0	3.653801918029785
4.0	4.121884822845459
4.0	3.918469190597534
3.0	3.617647409439087
4.0	3.765315532684326
4.0	4.2207417488098145
4.0	4.21086311340332
4.0	4.138880252838135
4.0	4.379182815551758
5.0	5.244315147399902
5.0	4.722737789154053
3.0	3.0519111156463623
4.0	4.210007190704346
4.0	4.272034168243408
1.0	0.7909414768218994
3.0	3.1385300159454346
4.0	4.309720516204834
2.0	2.4219207763671875
3.0	3.2192182540893555
3.0	3.215031147003174
4.0	4.18515682220459
3.0	3.237060308456421
2.0	1.621088981628418
3.0	3.205253839492798
3.0	2.7964932918548584
3.0	3.2221314907073975
4.0	4.444088459014893
0.0	-0.20629259943962097
2.0	2.1103904247283936
4.0	3.9711787700653076
3.0	3.1706936359405518
4.0	4.295803070068359
3.0	3.2073402404785156
3.0	3.368683338165283
4.0	3.897763252258301
4.0	4.15934944152832
3.0	3.1672611236572266
3.0	3.441592216491699
4.0	4.110142707824707
1.0	0.9060317277908325
3.0	3.0789356231689453
4.0	3.836812734603882
4.0	4.458834171295166
4.0	4.171808242797852
5.0	4.9487409591674805
3.0	3.206279754638672
4.0	4.3636908531188965
1.0	0.6919872760772705
3.0	3.1812148094177246
3.0	2.7208590507507324
4.0	3.8178956508636475
3.0	3.455653429031372
3.0	3.1526944637298584
3.0	3.229884147644043
2.0	1.8319125175476074
4.0	4.045937538146973
3.0	3.2789621353149414
1.0	0.7887424230575562
4.0	4.287507057189941
3.0	3.3200321197509766
3.0	3.0402653217315674
4.0	4.385214805603027
3.0	3.2702102661132812
2.0	1.9608324766159058
3.0	3.1293814182281494
2.0	2.0615501403808594
2.0	2.1880593299865723
3.0	3.002368211746216
4.0	4.22445011138916
3.0	3.1916210651397705
2.0	1.6999136209487915
3.0	3.1164371967315674
2.0	2.4543886184692383
3.0	2.827077627182007
2.0	2.2304329872131348
2.0	1.889934778213501
2.0	2.2960267066955566
1.0	0.8073827624320984
2.0	2.19268798828125
3.0	3.6712021827697754
4.0	4.295736312866211
3.0	3.431795120239258
2.0	2.5117268562316895
3.0	3.4605565071105957
3.0	3.416895866394043
2.0	2.052020788192749
2.0	1.9975849390029907
3.0	3.4450628757476807
3.0	3.3746066093444824
1.0	0.7741764783859253
3.0	3.3709559440612793
3.0	3.204535484313965
2.0	2.1198437213897705
3.0	3.7338669300079346
3.0	3.285753011703491
2.0	2.165811538696289
3.0	3.240449905395508
2.0	2.412853479385376
2.0	2.6442813873291016
4.0	4.458347797393799
3.0	3.783059597015381
4.0	4.773160934448242
3.0	3.330156087875366
2.0	1.851433515548706
2.0	2.009681463241577
2.0	2.1744933128356934
3.0	3.3403711318969727
2.0	2.164815664291382
1.0	0.8418561816215515
2.0	2.392608165740967
2.0	2.3373281955718994
3.0	3.5445690155029297
2.0	2.3548643589019775
2.0	2.062455415725708
2.0	2.253612518310547
3.0	3.402768611907959
3.0	3.3612492084503174
1.0	1.7076176404953003
1.0	1.3368130922317505
2.0	2.2313737869262695
1.0	1.1730552911758423
2.0	2.2834813594818115
3.0	3.615835189819336
2.0	2.1823513507843018
1.0	1.0138635635375977
0.0	-0.11913247406482697
2.0	2.3528237342834473
2.0	2.333477735519409
3.0	3.3982841968536377
2.0	2.546391010284424
4.0	4.750547885894775
2.0	2.5753464698791504
1.0	1.3950297832489014
2.0	2.69919490814209
3.0	3.645772695541382
3.0	3.6918466091156006
4.0	4.529749870300293
2.0	2.5644454956054688
3.0	3.735034942626953
1.0	1.5997037887573242
1.0	1.5419249534606934
2.0	2.7184548377990723
2.0	2.488309383392334
3.0	3.7254257202148438
4.0	4.340541362762451
3.0	3.5438663959503174
3.0	3.4675660133361816
3.0	3.520249366760254
2.0	2.266087293624878
3.0	3.6278390884399414
1.0	1.0676850080490112
4.0	4.709892272949219
4.0	4.863349914550781
4.0	4.738073825836182
3.0	3.5881659984588623
3.0	3.5703983306884766
4.0	4.236415863037109
3.0	3.6212711334228516
3.0	3.54062819480896
2.0	2.5108864307403564
2.0	2.44509220123291
3.0	3.454831123352051
4.0	4.691617488861084
2.0	2.5858571529388428
3.0	3.5023558139801025
4.0	4.894326686859131
3.0	3.619715452194214
4.0	4.7156853675842285
2.0	2.465182065963745
3.0	3.768944501876831
3.0	3.443779706954956
3.0	3.1941654682159424
4.0	4.455753803253174
3.0	3.4827122688293457
3.0	3.69205904006958
3.0	3.610919713973999
3.0	3.3691580295562744
2.0	2.144564390182495
3.0	3.679204225540161
2.0	2.69992733001709
2.0	2.6521360874176025
2.0	2.389521837234497
3.0	3.6730778217315674
1.0	1.5597947835922241
1.0	1.4895265102386475
4.0	4.481442451477051
5.0	5.207277774810791
4.0	4.420547008514404
3.0	3.6823861598968506
3.0	3.226426601409912
3.0	3.734417200088501
3.0	3.4598066806793213
3.0	3.31654691696167
4.0	4.4810404777526855
3.0	3.323739767074585
3.0	3.7685039043426514
3.0	3.6624066829681396
1.0	1.9888800382614136
2.0	2.1475560665130615
3.0	3.5678091049194336
3.0	3.4903922080993652
2.0	2.423192262649536
1.0	1.3125255107879639
2.0	2.2481043338775635
1.0	1.5723105669021606
3.0	3.4793920516967773
3.0	3.4490013122558594
3.0	3.6587300300598145
2.0	2.425813913345337
4.0	4.702666759490967
4.0	4.493155479431152
1.0	1.358799695968628
3.0	3.532891273498535
3.0	3.5527725219726562
3.0	3.6794981956481934
3.0	3.529768228530884
3.0	3.3638389110565186
0.0	0.3466905951499939
4.0	4.818397521972656
3.0	3.269460439682007
5.0	5.416663646697998
4.0	4.312668800354004
3.0	3.9000165462493896
3.0	3.786203145980835
3.0	3.7509191036224365
4.0	4.560359954833984
3.0	3.2324540615081787
3.0	3.2659718990325928
2.0	2.3206589221954346
3.0	3.745002031326294
2.0	2.2276320457458496
3.0	3.60005521774292
4.0	4.682341575622559
4.0	4.578166961669922
3.0	3.464210033416748
4.0	4.208947658538818
4.0	4.742025852203369
3.0	3.628045082092285
3.0	3.857426166534424
2.0	2.497023105621338
2.0	2.3484020233154297
3.0	3.1870100498199463
1.0	1.1605846881866455
3.0	3.797863483428955
4.0	4.251220226287842
