label	pred
4.0	3.679896354675293
1.0	2.467574119567871
4.0	3.9748871326446533
4.0	3.914781093597412
3.0	3.116565227508545
2.0	2.2918920516967773
2.0	2.8870744705200195
2.0	2.720954179763794
2.0	2.5787267684936523
3.0	3.700474262237549
3.0	3.497230052947998
3.0	3.749246120452881
3.0	2.6604928970336914
3.0	3.4299445152282715
3.0	3.077263355255127
4.0	3.955838203430176
2.0	2.004882574081421
3.0	2.879110813140869
3.0	3.1637322902679443
3.0	3.4108288288116455
4.0	3.9898741245269775
3.0	3.252978563308716
2.0	3.047647714614868
3.0	3.5544657707214355
4.0	4.397011756896973
4.0	3.962538242340088
1.0	2.9674181938171387
2.0	2.9554905891418457
3.0	4.170359134674072
2.0	3.0977797508239746
3.0	3.89548921585083
3.0	3.5454938411712646
3.0	3.2334935665130615
2.0	2.4900293350219727
3.0	3.1312806606292725
2.0	2.749736785888672
1.0	1.8942756652832031
3.0	3.359816789627075
3.0	3.410271167755127
3.0	3.7759411334991455
3.0	3.2058169841766357
2.0	2.991767168045044
4.0	4.483872413635254
1.0	2.0458829402923584
3.0	3.7917122840881348
3.0	3.731846332550049
3.0	3.491044521331787
2.0	2.6576411724090576
4.0	4.137636184692383
3.0	3.3786842823028564
4.0	4.060204982757568
3.0	3.69704008102417
3.0	3.9676032066345215
4.0	4.293946743011475
4.0	4.028157711029053
3.0	3.6407079696655273
4.0	4.406464576721191
4.0	4.067056179046631
4.0	4.036500930786133
3.0	3.6814186573028564
3.0	3.280816078186035
2.0	2.33591890335083
3.0	3.607455253601074
4.0	4.87302303314209
2.0	3.344397783279419
4.0	4.476451396942139
3.0	3.666440963745117
3.0	3.804196834564209
2.0	2.4537456035614014
4.0	4.1751885414123535
4.0	4.366453647613525
3.0	3.4716672897338867
3.0	3.2526841163635254
3.0	3.247495412826538
3.0	3.1050620079040527
3.0	3.5860934257507324
3.0	3.0559089183807373
3.0	3.973191499710083
3.0	3.804865598678589
4.0	3.4742674827575684
3.0	3.721015214920044
2.0	2.090240001678467
4.0	4.162204265594482
3.0	3.55646014213562
3.0	3.3149707317352295
3.0	3.6301746368408203
4.0	4.179937362670898
2.0	2.2309200763702393
3.0	2.708542585372925
3.0	3.1086745262145996
4.0	3.905365467071533
3.0	3.298201322555542
3.0	3.0563807487487793
4.0	4.4465508460998535
3.0	3.4045162200927734
4.0	4.698770046234131
3.0	3.6147260665893555
3.0	3.1738176345825195
3.0	3.5888867378234863
4.0	4.095560550689697
4.0	4.5942535400390625
3.0	2.8965065479278564
3.0	3.140627145767212
2.0	1.8982243537902832
3.0	3.410371780395508
4.0	2.90012526512146
2.0	2.52929425239563
4.0	3.4847424030303955
3.0	3.6741342544555664
3.0	2.661846160888672
3.0	3.078312873840332
4.0	3.6184868812561035
3.0	2.666910171508789
2.0	2.5598955154418945
3.0	3.8781700134277344
3.0	3.106229543685913
3.0	3.4320764541625977
3.0	3.122107982635498
3.0	3.4127564430236816
2.0	2.188380718231201
3.0	2.7564046382904053
4.0	4.104635715484619
3.0	2.705212116241455
3.0	3.403555154800415
3.0	3.256964921951294
2.0	2.326849937438965
3.0	3.1265525817871094
3.0	3.4523141384124756
4.0	3.8556385040283203
4.0	3.8778655529022217
3.0	2.9557015895843506
3.0	3.338735342025757
4.0	3.551460027694702
3.0	2.896095037460327
4.0	3.966168165206909
4.0	3.7122364044189453
3.0	3.5897111892700195
3.0	3.6923489570617676
3.0	3.997608184814453
3.0	3.4792966842651367
3.0	3.6291894912719727
2.0	2.5003395080566406
4.0	4.444463729858398
3.0	3.102933168411255
3.0	3.232729434967041
3.0	3.1209754943847656
4.0	4.350744247436523
2.0	1.619563102722168
4.0	4.091171741485596
4.0	3.7103323936462402
4.0	4.416801929473877
3.0	3.7486398220062256
3.0	3.5893714427948
3.0	3.6652684211730957
2.0	2.896745204925537
3.0	2.9157071113586426
2.0	2.609226942062378
3.0	2.760977268218994
3.0	3.4510443210601807
4.0	4.502779960632324
3.0	3.7019505500793457
3.0	3.7096734046936035
1.0	3.2382466793060303
3.0	2.6793720722198486
3.0	3.9808499813079834
3.0	3.5498616695404053
3.0	3.7332005500793457
4.0	4.175232887268066
3.0	3.3776352405548096
3.0	2.8254072666168213
4.0	4.380491733551025
4.0	4.5715250968933105
3.0	3.019087553024292
2.0	3.8281373977661133
3.0	3.2238714694976807
4.0	4.301761150360107
3.0	3.5710971355438232
4.0	4.406736850738525
4.0	4.407904148101807
3.0	3.704317092895508
3.0	3.175503969192505
1.0	1.1489816904067993
1.0	1.988604187965393
4.0	4.429428577423096
1.0	2.2862889766693115
1.0	1.5628623962402344
3.0	3.276087999343872
4.0	4.164883136749268
3.0	3.6647353172302246
4.0	4.244255065917969
4.0	4.634654521942139
2.0	2.8131303787231445
4.0	4.803442478179932
2.0	2.6263792514801025
3.0	3.8261196613311768
2.0	3.128851890563965
3.0	3.4333102703094482
3.0	2.9650254249572754
4.0	4.010386943817139
4.0	4.065222263336182
4.0	4.134979248046875
3.0	3.8833324909210205
3.0	3.3246243000030518
3.0	3.4723689556121826
3.0	3.346519708633423
1.0	1.6494337320327759
3.0	3.4843363761901855
2.0	3.3269691467285156
3.0	3.210592269897461
3.0	3.4400622844696045
4.0	4.170627117156982
3.0	3.0855929851531982
3.0	3.5592567920684814
3.0	3.5578010082244873
4.0	3.877131223678589
3.0	3.0395429134368896
3.0	3.1334025859832764
4.0	4.65667200088501
3.0	3.2962827682495117
4.0	4.1872076988220215
4.0	4.5089826583862305
5.0	4.781979560852051
4.0	4.236833095550537
3.0	3.355654001235962
3.0	3.1012632846832275
3.0	3.3002333641052246
4.0	4.354492664337158
5.0	4.136356830596924
3.0	3.5962588787078857
3.0	3.1675360202789307
4.0	3.8459482192993164
3.0	2.5890471935272217
4.0	4.049688816070557
3.0	3.1697516441345215
4.0	4.120004177093506
3.0	3.3070507049560547
3.0	3.3756442070007324
3.0	3.2418575286865234
2.0	2.7867090702056885
3.0	3.5228939056396484
3.0	2.7401068210601807
3.0	3.0087573528289795
3.0	3.378816604614258
3.0	2.955707311630249
3.0	3.324690341949463
3.0	3.87573504447937
3.0	3.111051321029663
3.0	3.1838161945343018
3.0	3.433964252471924
3.0	3.0088396072387695
2.0	2.5630197525024414
3.0	3.7390308380126953
2.0	2.558778762817383
4.0	4.029312610626221
2.0	2.6670143604278564
3.0	3.480757713317871
3.0	3.077662944793701
3.0	3.9424588680267334
4.0	3.9341330528259277
2.0	2.3294966220855713
3.0	3.2205803394317627
3.0	3.3213300704956055
3.0	3.464071750640869
3.0	2.9707162380218506
3.0	2.6944921016693115
3.0	3.311084032058716
2.0	2.7227766513824463
3.0	3.4834611415863037
2.0	2.305553913116455
2.0	2.4745640754699707
2.0	2.915680170059204
3.0	3.508668899536133
3.0	3.5688765048980713
3.0	2.717139482498169
3.0	3.707180976867676
2.0	2.365323781967163
1.0	1.7134491205215454
3.0	3.614946126937866
3.0	3.4737188816070557
3.0	3.1451852321624756
3.0	3.528552532196045
3.0	3.0312881469726562
3.0	3.4708855152130127
3.0	3.2899010181427
3.0	3.476731538772583
4.0	4.21002197265625
3.0	3.5694637298583984
2.0	3.096634864807129
3.0	3.7893190383911133
2.0	3.0573132038116455
3.0	4.103654384613037
3.0	3.2339227199554443
3.0	3.59918212890625
3.0	3.5039708614349365
3.0	3.467339038848877
3.0	3.1463029384613037
3.0	3.639782428741455
3.0	3.3473706245422363
3.0	3.754633665084839
2.0	2.529710054397583
3.0	4.069355010986328
3.0	3.887075901031494
2.0	2.9430060386657715
3.0	4.058174133300781
3.0	3.7043373584747314
3.0	4.501946449279785
2.0	2.3836042881011963
3.0	3.877523183822632
3.0	3.7549774646759033
3.0	3.4674410820007324
1.0	1.6463593244552612
1.0	1.4923667907714844
3.0	3.8090600967407227
3.0	3.616899251937866
3.0	3.2458837032318115
3.0	3.6509084701538086
3.0	3.8612961769104004
3.0	3.5473861694335938
3.0	3.2555177211761475
3.0	3.5500946044921875
3.0	3.7797107696533203
3.0	3.795663833618164
2.0	3.0651228427886963
3.0	3.505089521408081
3.0	3.619924545288086
3.0	3.6825459003448486
1.0	1.4761186838150024
4.0	4.645143985748291
4.0	4.623388767242432
3.0	3.493338108062744
3.0	4.067898273468018
3.0	3.6231749057769775
3.0	4.254781723022461
2.0	2.7846269607543945
2.0	3.414219379425049
3.0	4.003150463104248
3.0	3.5291669368743896
3.0	4.060537815093994
3.0	3.6081130504608154
3.0	3.523143768310547
3.0	3.547424793243408
3.0	4.287350654602051
3.0	3.8270680904388428
3.0	3.800704002380371
2.0	2.5280418395996094
2.0	2.8435168266296387
4.0	4.713284015655518
2.0	2.7332286834716797
3.0	3.4129347801208496
2.0	2.8406565189361572
2.0	2.7773449420928955
3.0	3.3528289794921875
3.0	3.438584804534912
3.0	3.953584909439087
3.0	3.8193776607513428
3.0	3.3973963260650635
2.0	2.5786752700805664
3.0	3.8062589168548584
3.0	4.168479919433594
3.0	3.7225329875946045
