label	pred
4.0	3.533217668533325
1.0	1.5284596681594849
3.0	3.2271640300750732
3.0	2.9179112911224365
2.0	2.450469732284546
3.0	3.4030604362487793
2.0	2.2384421825408936
3.0	3.139779567718506
2.0	2.1030452251434326
3.0	2.7517452239990234
3.0	2.8017101287841797
3.0	3.316222667694092
2.0	2.3659255504608154
2.0	2.298485279083252
3.0	3.0913760662078857
4.0	4.080741882324219
1.0	1.4406285285949707
2.0	2.0880699157714844
3.0	2.9477193355560303
3.0	3.0318522453308105
4.0	3.7967076301574707
4.0	3.8188066482543945
2.0	2.208174467086792
2.0	2.297055959701538
4.0	3.7555196285247803
4.0	3.680514335632324
2.0	1.971165657043457
2.0	2.4639861583709717
2.0	2.6269118785858154
2.0	2.4777839183807373
3.0	3.1492576599121094
2.0	2.4994513988494873
2.0	2.4359419345855713
2.0	2.22898530960083
3.0	3.023883819580078
2.0	2.392026901245117
1.0	1.7008002996444702
3.0	3.5928852558135986
4.0	4.02345085144043
3.0	3.069941282272339
2.0	1.9351381063461304
2.0	2.672426223754883
4.0	3.4347331523895264
1.0	1.4783157110214233
3.0	3.6489124298095703
2.0	2.6087465286254883
2.0	2.4354825019836426
1.0	1.5153284072875977
4.0	4.218191623687744
2.0	2.62607741355896
3.0	3.4046831130981445
2.0	2.5198280811309814
2.0	2.384519338607788
5.0	4.863027572631836
3.0	3.186406373977661
2.0	2.733248710632324
4.0	4.2860565185546875
4.0	4.053526878356934
4.0	3.9325482845306396
3.0	2.9447779655456543
2.0	2.887594223022461
2.0	2.4288442134857178
3.0	3.813646078109741
4.0	3.864989995956421
2.0	2.679553985595703
5.0	4.806442737579346
4.0	4.220036506652832
4.0	4.351388931274414
1.0	2.0750958919525146
2.0	2.762925386428833
4.0	4.62947940826416
2.0	2.6318798065185547
3.0	3.5677263736724854
3.0	3.651947259902954
2.0	2.819563627243042
2.0	2.7248194217681885
3.0	4.0978240966796875
3.0	3.779939651489258
3.0	3.26672625541687
3.0	3.5242722034454346
2.0	2.602243185043335
2.0	3.1006674766540527
3.0	3.3045012950897217
3.0	3.5312724113464355
3.0	3.6784446239471436
2.0	2.896594285964966
4.0	4.2102155685424805
2.0	3.0974018573760986
2.0	3.3245537281036377
3.0	3.998217821121216
3.0	3.4329264163970947
3.0	3.7254843711853027
2.0	3.224247694015503
4.0	4.499688148498535
2.0	2.775007963180542
4.0	4.0845184326171875
3.0	3.5674426555633545
3.0	3.2990732192993164
3.0	3.6435179710388184
4.0	4.186069965362549
3.0	3.492825508117676
2.0	2.780247211456299
3.0	3.6094131469726562
1.0	1.805410385131836
2.0	2.1990816593170166
4.0	3.7795474529266357
1.0	1.9943262338638306
4.0	3.9562435150146484
2.0	2.3310258388519287
3.0	3.4318487644195557
2.0	2.966118812561035
4.0	4.1042585372924805
2.0	2.4754183292388916
3.0	3.5436813831329346
3.0	3.1417040824890137
3.0	3.3274967670440674
2.0	2.3247480392456055
3.0	3.161149501800537
3.0	2.7060165405273438
2.0	2.35661244392395
3.0	3.482529401779175
4.0	3.59423565864563
3.0	3.0174646377563477
2.0	2.6259188652038574
3.0	3.4135265350341797
2.0	2.1365489959716797
3.0	2.7459726333618164
2.0	2.553821563720703
4.0	3.19246506690979
4.0	4.034576892852783
2.0	2.2774763107299805
3.0	2.9516613483428955
3.0	3.2379636764526367
3.0	2.878278970718384
3.0	3.0382955074310303
4.0	3.6248176097869873
3.0	3.034430980682373
3.0	3.0365939140319824
4.0	3.800447702407837
2.0	2.139277219772339
2.0	1.9535422325134277
3.0	3.1897332668304443
4.0	3.4916930198669434
3.0	2.682671308517456
3.0	3.0317740440368652
3.0	3.0912046432495117
3.0	2.862041711807251
1.0	0.9660926461219788
3.0	2.919095039367676
4.0	3.145693063735962
3.0	3.338667631149292
1.0	1.6360646486282349
2.0	2.225562572479248
2.0	2.194013833999634
2.0	2.370314598083496
2.0	2.281529188156128
2.0	2.3535215854644775
2.0	2.2449889183044434
4.0	4.198179721832275
3.0	2.6625099182128906
4.0	4.172199249267578
3.0	3.3087568283081055
2.0	2.450167417526245
3.0	3.128779649734497
3.0	3.339226484298706
3.0	3.5404438972473145
3.0	3.22934889793396
3.0	3.5117852687835693
2.0	2.4171524047851562
2.0	2.3981902599334717
4.0	4.044511318206787
4.0	4.127163410186768
2.0	2.88028621673584
3.0	3.6415491104125977
2.0	2.612394332885742
5.0	4.8997883796691895
2.0	2.6288673877716064
4.0	4.528714656829834
4.0	4.408885478973389
3.0	3.7739577293395996
2.0	2.308016777038574
1.0	1.3873255252838135
1.0	1.9775011539459229
4.0	4.420310020446777
1.0	1.285700798034668
1.0	1.5625520944595337
3.0	3.2794599533081055
4.0	4.310998439788818
4.0	4.489498138427734
3.0	2.9237496852874756
4.0	4.420437812805176
4.0	4.565695285797119
2.0	2.985408067703247
2.0	2.7424745559692383
4.0	4.477080345153809
2.0	3.057657241821289
3.0	3.2969844341278076
3.0	3.4506847858428955
4.0	4.062502384185791
3.0	3.7000105381011963
3.0	3.4721038341522217
3.0	3.360450029373169
3.0	3.8163599967956543
2.0	3.0677833557128906
3.0	3.615738868713379
0.0	0.8781588673591614
3.0	3.7761940956115723
2.0	2.7487056255340576
3.0	3.227123975753784
3.0	3.821772813796997
3.0	3.3427910804748535
2.0	2.852302312850952
3.0	3.9420855045318604
3.0	3.278524875640869
3.0	3.3276314735412598
2.0	2.4283342361450195
2.0	2.963548421859741
3.0	3.1233584880828857
3.0	3.1926374435424805
2.0	2.9143166542053223
3.0	3.102644205093384
3.0	3.3030142784118652
4.0	4.494543075561523
1.0	1.9062538146972656
3.0	3.5660147666931152
4.0	4.275687217712402
3.0	3.377408504486084
4.0	4.307409763336182
3.0	3.61173415184021
3.0	3.4540863037109375
3.0	3.5627005100250244
2.0	2.503638744354248
4.0	4.218873977661133
3.0	3.6413209438323975
4.0	4.102173805236816
2.0	2.5993733406066895
4.0	4.019759654998779
3.0	3.564279317855835
2.0	2.8249292373657227
3.0	3.59582781791687
3.0	3.52895188331604
3.0	3.105306625366211
3.0	3.3724238872528076
3.0	2.8696517944335938
3.0	3.424666166305542
3.0	3.1467039585113525
3.0	3.3383944034576416
3.0	3.4344608783721924
2.0	2.949516534805298
3.0	3.352409601211548
2.0	2.0363357067108154
3.0	3.2502946853637695
2.0	2.573805332183838
4.0	4.046143054962158
1.0	1.5704196691513062
2.0	2.6582767963409424
3.0	3.2692604064941406
3.0	3.486128330230713
4.0	4.123448848724365
2.0	2.4335813522338867
3.0	2.8620266914367676
3.0	3.3591551780700684
3.0	3.895101308822632
3.0	3.250880241394043
3.0	3.656108856201172
3.0	3.03326416015625
1.0	1.9121265411376953
3.0	3.3482301235198975
1.0	1.762393832206726
2.0	2.1912925243377686
3.0	3.326976776123047
3.0	3.6819820404052734
2.0	2.40950608253479
4.0	4.224369049072266
3.0	2.960857629776001
2.0	2.194988965988159
0.0	0.8911959528923035
1.0	1.4913086891174316
2.0	2.6431796550750732
3.0	3.3640310764312744
2.0	2.779561996459961
2.0	3.0958478450775146
2.0	2.573566198348999
3.0	3.4670019149780273
2.0	2.7741878032684326
3.0	3.511146068572998
3.0	3.462733268737793
2.0	2.664069890975952
3.0	3.707571506500244
2.0	2.6911394596099854
2.0	2.78049898147583
2.0	2.663254737854004
3.0	3.7016255855560303
2.0	2.8448102474212646
2.0	2.905271530151367
3.0	3.5014915466308594
2.0	3.076521158218384
2.0	3.056433916091919
3.0	4.247875690460205
1.0	1.8221547603607178
2.0	2.961237907409668
3.0	3.9004435539245605
2.0	2.9946393966674805
3.0	3.907573938369751
2.0	2.8661952018737793
2.0	3.0993289947509766
1.0	1.9778869152069092
3.0	3.951479196548462
2.0	2.785951614379883
2.0	2.6890532970428467
0.0	1.2520298957824707
0.0	1.3269155025482178
3.0	4.320000648498535
2.0	3.0427989959716797
2.0	3.314347982406616
2.0	2.9034361839294434
3.0	4.320674419403076
3.0	3.694147825241089
3.0	4.010411262512207
2.0	3.0419504642486572
3.0	4.418637275695801
2.0	2.847367525100708
2.0	3.4703493118286133
2.0	3.177673578262329
4.0	4.791619777679443
2.0	3.195040702819824
1.0	1.4553091526031494
2.0	3.2070415019989014
3.0	4.20809268951416
1.0	2.5583415031433105
3.0	4.302296161651611
3.0	4.123941898345947
2.0	3.507154703140259
2.0	3.580528736114502
2.0	2.8984663486480713
3.0	4.186537742614746
1.0	2.07149338722229
2.0	3.3013901710510254
3.0	4.434309005737305
2.0	3.2666125297546387
3.0	4.107358455657959
3.0	4.135526657104492
3.0	3.6356961727142334
3.0	3.9825918674468994
3.0	3.7649354934692383
2.0	3.0892229080200195
4.0	4.919299125671387
2.0	3.653129816055298
3.0	4.022091865539551
2.0	2.786067485809326
2.0	3.1414794921875
3.0	4.164553165435791
3.0	4.110136032104492
2.0	2.831676483154297
3.0	4.032485485076904
3.0	4.114783763885498
2.0	2.6173818111419678
3.0	3.9478118419647217
3.0	3.9831349849700928
3.0	3.6368510723114014
