label	pred
3.0	3.1141295433044434
4.0	3.2875254154205322
4.0	3.957660675048828
3.0	3.0151164531707764
4.0	3.75785756111145
5.0	4.019711494445801
4.0	3.6550509929656982
3.0	3.1037404537200928
2.0	1.5287871360778809
3.0	3.0234789848327637
2.0	2.310134172439575
2.0	2.658665657043457
3.0	2.8140759468078613
3.0	2.943441390991211
1.0	0.7363864183425903
3.0	3.1942009925842285
2.0	1.6798920631408691
3.0	3.1612119674682617
2.0	2.1162149906158447
3.0	3.1555609703063965
4.0	3.729494571685791
1.0	0.8647783994674683
2.0	2.339935779571533
4.0	3.8022377490997314
3.0	3.2415053844451904
3.0	3.406531572341919
3.0	3.108544111251831
3.0	3.177349328994751
3.0	3.3851888179779053
4.0	3.5052781105041504
3.0	3.471203327178955
3.0	3.516120672225952
4.0	3.9161112308502197
3.0	3.363138437271118
3.0	3.10741925239563
2.0	2.269282341003418
3.0	3.345710277557373
3.0	3.1117746829986572
4.0	3.82710337638855
3.0	2.7556874752044678
2.0	2.24715518951416
2.0	2.448204755783081
3.0	3.6018059253692627
3.0	3.1748244762420654
3.0	3.325462579727173
3.0	3.6354012489318848
4.0	4.2920379638671875
4.0	3.977452039718628
4.0	3.978370428085327
3.0	3.0029640197753906
2.0	2.98923921585083
3.0	3.612819194793701
3.0	3.8921029567718506
4.0	3.4726576805114746
3.0	2.988119602203369
3.0	3.4867043495178223
4.0	4.1360392570495605
2.0	2.522075653076172
3.0	3.5478410720825195
3.0	3.187659978866577
4.0	4.137142181396484
4.0	3.726710557937622
4.0	3.5482730865478516
3.0	3.152282953262329
3.0	2.8577542304992676
4.0	3.5409703254699707
2.0	1.2165567874908447
4.0	3.985579013824463
4.0	3.645369291305542
4.0	3.549548387527466
3.0	3.623969793319702
4.0	3.799473762512207
2.0	1.8851003646850586
3.0	2.493372678756714
3.0	3.090230941772461
3.0	2.7802720069885254
3.0	2.5082311630249023
3.0	2.7034571170806885
3.0	2.061465263366699
4.0	3.6605629920959473
4.0	3.0187439918518066
2.0	2.2126686573028564
4.0	3.6050515174865723
3.0	3.031067371368408
3.0	3.0601396560668945
1.0	1.4013643264770508
4.0	3.6137001514434814
3.0	2.428135395050049
0.0	0.08431827276945114
2.0	1.5191346406936646
3.0	3.0412960052490234
1.0	1.5110657215118408
3.0	3.038759231567383
3.0	3.057882070541382
2.0	1.908700704574585
3.0	3.051265001296997
2.0	2.5119717121124268
2.0	2.08781361579895
3.0	2.8775837421417236
1.0	1.1209990978240967
3.0	3.295938730239868
2.0	2.879502773284912
3.0	3.158074140548706
3.0	3.473292350769043
3.0	3.428743839263916
3.0	2.830150842666626
3.0	3.8462867736816406
3.0	3.647362232208252
3.0	3.7112441062927246
4.0	4.3285746574401855
3.0	3.9619338512420654
3.0	3.7194664478302
4.0	4.042123794555664
4.0	3.5968921184539795
3.0	3.543621301651001
3.0	3.435364007949829
2.0	3.04754900932312
2.0	2.5172669887542725
3.0	3.4264516830444336
3.0	3.4671378135681152
4.0	3.989438056945801
3.0	3.8217291831970215
4.0	4.075385570526123
2.0	2.7779829502105713
3.0	2.6052322387695312
2.0	2.7904748916625977
4.0	3.8727235794067383
2.0	2.5707666873931885
3.0	3.894012689590454
4.0	3.8184828758239746
5.0	3.7731478214263916
4.0	4.32422399520874
4.0	3.648991346359253
3.0	3.9011151790618896
2.0	2.7202978134155273
0.0	0.5986837148666382
4.0	3.5183913707733154
2.0	2.565613269805908
3.0	3.873412847518921
4.0	3.8926355838775635
3.0	2.0721817016601562
1.0	0.8096489906311035
2.0	2.477783679962158
3.0	3.3318707942962646
3.0	3.4045305252075195
4.0	3.171464681625366
3.0	2.207259178161621
3.0	3.229409694671631
1.0	0.3420063853263855
4.0	3.8804640769958496
3.0	3.53113055229187
2.0	2.034557342529297
3.0	3.0641374588012695
1.0	0.42943263053894043
4.0	4.011232852935791
0.0	0.16377930343151093
2.0	2.1614112854003906
3.0	3.146613121032715
3.0	3.4551355838775635
3.0	3.3368427753448486
4.0	3.3519556522369385
2.0	1.9799834489822388
2.0	1.6099385023117065
3.0	3.2087478637695312
2.0	3.2031869888305664
2.0	2.110739231109619
3.0	3.4168522357940674
3.0	2.6919565200805664
3.0	3.9446630477905273
3.0	3.635627269744873
2.0	2.1873669624328613
4.0	3.80100679397583
3.0	2.6651253700256348
3.0	3.567936897277832
4.0	3.7540931701660156
3.0	3.3262813091278076
3.0	3.3432912826538086
3.0	3.5567843914031982
4.0	3.6104419231414795
1.0	1.6137793064117432
3.0	3.5052478313446045
3.0	3.342090606689453
4.0	3.748537302017212
4.0	3.071228265762329
3.0	3.4850661754608154
3.0	3.2743160724639893
4.0	3.9358043670654297
3.0	3.721280336380005
2.0	2.975266456604004
3.0	3.4351139068603516
4.0	4.01214599609375
3.0	3.648289442062378
4.0	3.957479238510132
4.0	4.165426254272461
2.0	3.4797585010528564
3.0	3.9123244285583496
3.0	3.2966384887695312
3.0	3.5729446411132812
2.0	2.737677812576294
4.0	3.8746895790100098
3.0	3.282578945159912
4.0	3.6631968021392822
3.0	3.4137701988220215
3.0	3.598539352416992
3.0	3.8951778411865234
2.0	2.858464241027832
3.0	3.550065040588379
4.0	3.853759765625
4.0	3.8999054431915283
3.0	3.533923864364624
3.0	3.63655424118042
3.0	3.141951322555542
4.0	4.164153099060059
4.0	3.9167466163635254
3.0	3.293015480041504
2.0	2.030446767807007
2.0	3.0102415084838867
4.0	3.6725547313690186
1.0	1.130736231803894
2.0	3.182778835296631
3.0	3.1522679328918457
3.0	2.4657680988311768
3.0	3.6297290325164795
3.0	3.214806079864502
3.0	3.094205379486084
3.0	2.302466630935669
4.0	2.5346992015838623
3.0	2.693371534347534
4.0	3.6074769496917725
3.0	3.062865972518921
4.0	3.8077781200408936
3.0	3.509601354598999
4.0	3.565514087677002
4.0	3.739201068878174
2.0	2.4655840396881104
3.0	3.606374740600586
3.0	3.2141995429992676
4.0	3.7298009395599365
2.0	2.451050281524658
4.0	3.5515027046203613
4.0	3.7173588275909424
3.0	3.398691415786743
2.0	2.2105753421783447
2.0	1.971982717514038
2.0	2.148803234100342
2.0	2.9924826622009277
2.0	3.1186139583587646
3.0	3.5326035022735596
3.0	3.365433692932129
2.0	2.595867395401001
1.0	1.1457653045654297
2.0	1.9852455854415894
2.0	2.1303136348724365
3.0	3.5158185958862305
2.0	2.811802625656128
3.0	3.7352895736694336
4.0	3.9115190505981445
3.0	3.3952066898345947
4.0	3.8789591789245605
2.0	1.9447914361953735
3.0	2.7726564407348633
3.0	3.052264451980591
4.0	3.847799301147461
3.0	3.5913491249084473
2.0	2.244387626647949
1.0	1.1392667293548584
3.0	3.243860960006714
3.0	3.5383803844451904
3.0	3.3473761081695557
4.0	3.6981849670410156
3.0	3.4139742851257324
4.0	3.8840460777282715
3.0	3.486492156982422
2.0	2.3161461353302
3.0	3.120378017425537
4.0	3.6117138862609863
4.0	3.5235774517059326
3.0	3.2472145557403564
3.0	3.3174893856048584
3.0	3.5651955604553223
3.0	3.450350761413574
3.0	3.1813151836395264
4.0	3.868584394454956
2.0	2.547584056854248
4.0	3.555400848388672
2.0	2.0235466957092285
3.0	2.9710559844970703
2.0	1.8044220209121704
4.0	3.7944998741149902
4.0	3.714850425720215
4.0	3.910311460494995
3.0	3.2156591415405273
3.0	3.6137537956237793
2.0	2.8409409523010254
2.0	1.843616008758545
2.0	2.728506565093994
2.0	2.209672451019287
3.0	3.5303752422332764
3.0	2.6805992126464844
3.0	3.1627514362335205
4.0	3.806079626083374
3.0	3.2062947750091553
4.0	3.921268939971924
2.0	1.2457928657531738
3.0	2.7433319091796875
2.0	2.3573415279388428
3.0	3.223506450653076
4.0	3.0226664543151855
4.0	4.003252029418945
4.0	3.527346134185791
4.0	3.710096836090088
4.0	3.241053819656372
4.0	3.766068458557129
4.0	3.585446834564209
3.0	2.5384521484375
4.0	3.9705607891082764
4.0	3.7842650413513184
3.0	3.191270351409912
1.0	0.6539134383201599
3.0	3.2524216175079346
3.0	2.4972071647644043
3.0	1.711984634399414
2.0	2.7892308235168457
3.0	3.4815003871917725
3.0	3.7323527336120605
2.0	2.145639419555664
3.0	3.304429769515991
2.0	2.8006832599639893
3.0	3.1808197498321533
3.0	3.1592981815338135
3.0	3.0888407230377197
3.0	3.659996747970581
1.0	0.7128627300262451
3.0	2.7879412174224854
4.0	3.5335469245910645
3.0	2.6522557735443115
3.0	3.838264226913452
3.0	3.218484401702881
4.0	3.7870616912841797
4.0	3.7999303340911865
3.0	2.9513652324676514
4.0	3.497551441192627
2.0	2.5464298725128174
2.0	3.303225517272949
3.0	3.6613965034484863
4.0	3.2614550590515137
3.0	3.1927528381347656
2.0	2.3976337909698486
3.0	3.367654800415039
4.0	3.866299867630005
3.0	2.9528164863586426
4.0	3.716325283050537
3.0	3.7424025535583496
4.0	4.05897331237793
4.0	3.158411979675293
3.0	3.6973657608032227
3.0	3.170736789703369
3.0	3.4672446250915527
3.0	3.4172282218933105
4.0	4.303432941436768
