label	pred
4.0	4.074930667877197
1.0	2.2928712368011475
2.0	2.921198606491089
4.0	4.166975975036621
3.0	4.055009841918945
2.0	3.518739700317383
2.0	4.251217365264893
4.0	4.057689666748047
2.0	3.641268491744995
3.0	3.8169589042663574
2.0	3.566826343536377
3.0	3.40434193611145
4.0	4.173221111297607
2.0	3.564307451248169
1.0	2.0380687713623047
3.0	3.6902410984039307
4.0	4.2240142822265625
4.0	3.387179136276245
2.0	2.788095474243164
3.0	3.618364095687866
3.0	3.213897228240967
2.0	3.544571876525879
2.0	2.9378879070281982
2.0	4.028733730316162
4.0	4.129075527191162
4.0	3.914510488510132
2.0	2.9412665367126465
0.0	1.9631321430206299
3.0	3.502574920654297
3.0	3.3803155422210693
4.0	3.888580083847046
3.0	3.7904608249664307
1.0	2.610642910003662
3.0	3.9064924716949463
3.0	3.3497071266174316
4.0	4.142338275909424
3.0	3.8045949935913086
3.0	3.9880762100219727
3.0	3.526411533355713
2.0	4.027409076690674
3.0	4.101524353027344
4.0	3.6131434440612793
4.0	4.070258617401123
4.0	4.185912609100342
3.0	3.573544979095459
2.0	3.461635112762451
4.0	4.1124162673950195
3.0	3.4917914867401123
4.0	3.833624839782715
3.0	3.6283633708953857
3.0	4.1966142654418945
2.0	3.0383951663970947
3.0	3.8304903507232666
2.0	3.1636722087860107
4.0	4.114309310913086
5.0	4.1265363693237305
5.0	4.124381065368652
1.0	2.376392364501953
2.0	3.042801856994629
3.0	4.121642112731934
1.0	1.8501994609832764
2.0	2.8100860118865967
3.0	3.937753200531006
4.0	4.187076568603516
3.0	3.571437358856201
2.0	3.3355138301849365
2.0	3.279029607772827
3.0	3.85951828956604
2.0	2.9628586769104004
2.0	3.4198389053344727
4.0	4.011009216308594
3.0	3.4230785369873047
2.0	3.3103744983673096
3.0	4.120362281799316
3.0	3.8362152576446533
3.0	3.8106133937835693
3.0	4.095344066619873
3.0	3.580261707305908
3.0	3.694531202316284
1.0	2.2577528953552246
3.0	3.7731094360351562
3.0	3.7166357040405273
3.0	3.972198247909546
3.0	3.609923839569092
3.0	3.7913882732391357
3.0	3.9060704708099365
3.0	3.5711655616760254
2.0	2.400115966796875
1.0	1.650341510772705
3.0	4.131545543670654
2.0	2.9115288257598877
4.0	4.0019850730896
3.0	3.3742852210998535
2.0	3.6058712005615234
5.0	4.050540447235107
5.0	4.155631065368652
5.0	4.155002117156982
4.0	4.140543460845947
3.0	3.4904417991638184
5.0	4.090078353881836
3.0	3.95863938331604
4.0	3.8868935108184814
3.0	4.10505485534668
3.0	3.7368595600128174
3.0	3.4681460857391357
3.0	3.4606096744537354
4.0	4.135346412658691
2.0	2.6102182865142822
1.0	2.2270355224609375
2.0	2.540626049041748
3.0	3.580573797225952
3.0	3.6097984313964844
3.0	3.925938367843628
2.0	2.5745797157287598
1.0	2.8089773654937744
2.0	3.407111883163452
3.0	3.632821798324585
1.0	2.3315885066986084
1.0	2.23584246635437
3.0	4.033274173736572
2.0	3.015984058380127
3.0	4.135085582733154
2.0	3.5354983806610107
2.0	2.991804838180542
3.0	3.3532893657684326
2.0	3.4723362922668457
4.0	4.181313991546631
2.0	2.9859344959259033
3.0	4.1737236976623535
3.0	4.132104873657227
2.0	3.212489128112793
3.0	3.9911551475524902
2.0	3.0250351428985596
3.0	3.5672178268432617
2.0	3.2098119258880615
4.0	3.2904579639434814
4.0	4.135392189025879
3.0	3.791832447052002
2.0	3.203371286392212
3.0	3.3435213565826416
1.0	2.3930022716522217
3.0	4.161980152130127
2.0	3.97013521194458
3.0	4.07288122177124
3.0	3.9579803943634033
2.0	3.1671664714813232
3.0	3.7840633392333984
5.0	4.129691123962402
3.0	4.2258710861206055
3.0	3.976820468902588
3.0	4.087905406951904
4.0	3.9785921573638916
3.0	4.200694561004639
2.0	3.4163734912872314
3.0	3.9570624828338623
3.0	3.8998289108276367
3.0	4.037503242492676
2.0	3.2638163566589355
3.0	3.974323034286499
3.0	3.6657962799072266
3.0	3.7129435539245605
2.0	3.295673370361328
3.0	4.010097026824951
3.0	4.087707042694092
2.0	4.017579555511475
3.0	3.8727848529815674
3.0	3.6579196453094482
3.0	4.245246410369873
2.0	2.931422472000122
1.0	1.9590262174606323
2.0	2.636119842529297
2.0	3.9101364612579346
4.0	4.216594219207764
3.0	3.9401350021362305
3.0	3.6011855602264404
4.0	4.2075300216674805
2.0	2.668118715286255
3.0	2.9097001552581787
3.0	3.393132209777832
4.0	4.122135162353516
2.0	2.5234320163726807
2.0	2.391347885131836
4.0	3.8110122680664062
3.0	3.9249496459960938
3.0	4.060496807098389
3.0	3.754542827606201
2.0	2.996082067489624
2.0	3.3697237968444824
3.0	4.1848859786987305
2.0	3.0098493099212646
3.0	3.3760688304901123
3.0	4.043211936950684
3.0	3.704008102416992
4.0	4.311883449554443
4.0	4.178409099578857
4.0	4.140485763549805
2.0	3.259035587310791
4.0	4.033249378204346
4.0	4.103161811828613
2.0	2.3544273376464844
2.0	3.602654457092285
2.0	3.703775644302368
4.0	4.118128776550293
4.0	4.22685432434082
2.0	2.8590598106384277
3.0	3.8638386726379395
3.0	3.8698649406433105
3.0	3.7194278240203857
3.0	3.3605196475982666
3.0	3.3620262145996094
3.0	3.860703706741333
5.0	4.17167854309082
3.0	3.670504093170166
5.0	4.0593061447143555
2.0	2.8793962001800537
3.0	3.7354044914245605
4.0	3.917729616165161
3.0	3.8390278816223145
4.0	4.132277488708496
3.0	3.0277435779571533
2.0	3.120267868041992
3.0	3.5692050457000732
4.0	4.0938215255737305
3.0	3.8542776107788086
4.0	4.129746913909912
4.0	3.911494255065918
3.0	3.8665242195129395
2.0	3.570803165435791
3.0	4.035287857055664
2.0	3.402069330215454
3.0	4.194475173950195
2.0	2.819711446762085
3.0	4.089371204376221
3.0	3.2943615913391113
5.0	4.228044509887695
4.0	4.100558757781982
5.0	4.213099956512451
2.0	2.45664381980896
4.0	4.220357894897461
4.0	4.1284871101379395
3.0	3.5890631675720215
5.0	4.203325271606445
3.0	4.067467212677002
4.0	4.011388301849365
2.0	2.4534571170806885
2.0	3.6715095043182373
3.0	4.0043253898620605
3.0	3.0797157287597656
3.0	3.6542601585388184
3.0	3.9259467124938965
4.0	4.205560684204102
2.0	3.813748359680176
2.0	2.376070737838745
4.0	4.0480852127075195
2.0	2.820404291152954
3.0	3.847925901412964
3.0	3.54971981048584
4.0	4.0493903160095215
4.0	4.200464725494385
1.0	1.935150384902954
2.0	3.299438953399658
4.0	4.065243721008301
2.0	3.108574390411377
0.0	1.5382262468338013
3.0	4.014989376068115
4.0	4.1085100173950195
2.0	2.502265691757202
1.0	1.8071986436843872
2.0	3.245912551879883
4.0	4.002338409423828
3.0	3.878664970397949
4.0	4.216436862945557
2.0	2.3611788749694824
3.0	3.342303514480591
3.0	3.9817473888397217
4.0	4.068439483642578
4.0	4.059154987335205
3.0	4.0624237060546875
2.0	3.0789358615875244
1.0	1.7705494165420532
3.0	4.1261138916015625
1.0	2.3501029014587402
3.0	4.113865852355957
4.0	4.128316879272461
3.0	3.6460132598876953
4.0	4.108442306518555
2.0	2.5081076622009277
4.0	4.187346458435059
5.0	4.116146564483643
3.0	3.849578619003296
3.0	4.064925670623779
3.0	4.046986103057861
3.0	3.9766080379486084
4.0	4.144638538360596
2.0	2.4143917560577393
4.0	4.02017068862915
3.0	3.727989435195923
2.0	3.7565131187438965
3.0	4.008530616760254
4.0	4.102411270141602
4.0	4.2142534255981445
4.0	4.192741394042969
2.0	2.322539806365967
4.0	4.197324752807617
5.0	4.094139099121094
3.0	3.771871328353882
3.0	3.116298198699951
2.0	3.638654947280884
3.0	4.024618625640869
4.0	4.0462117195129395
3.0	3.7977523803710938
2.0	3.0063679218292236
3.0	3.9489173889160156
5.0	4.104764461517334
4.0	4.068981647491455
3.0	3.82733416557312
3.0	3.786698818206787
2.0	3.3675310611724854
4.0	3.9062860012054443
2.0	2.951094388961792
5.0	4.157832622528076
4.0	4.101097583770752
4.0	4.024661064147949
3.0	3.3860034942626953
3.0	3.9891040325164795
3.0	3.3635849952697754
3.0	3.281306743621826
3.0	3.5333094596862793
4.0	4.057625770568848
3.0	3.797185182571411
3.0	4.1650285720825195
3.0	4.105157375335693
5.0	4.174279689788818
4.0	4.145656585693359
4.0	4.188236236572266
2.0	3.0879969596862793
3.0	3.942295551300049
3.0	4.074900150299072
4.0	4.146353244781494
3.0	3.8196499347686768
3.0	3.347749948501587
2.0	3.112541913986206
3.0	3.7760536670684814
4.0	4.016118049621582
2.0	3.0522384643554688
4.0	3.976724147796631
2.0	2.487987995147705
4.0	4.159277439117432
3.0	3.2274672985076904
3.0	4.142765522003174
3.0	3.474900484085083
2.0	2.5216779708862305
3.0	3.4854989051818848
4.0	4.165655136108398
2.0	2.995434045791626
2.0	2.9162425994873047
4.0	4.1608805656433105
3.0	3.378422498703003
2.0	3.039837121963501
3.0	4.174243450164795
