label	pred
4.0	3.18243408203125
2.0	2.2100613117218018
3.0	2.6972687244415283
3.0	3.2043895721435547
3.0	3.19651198387146
2.0	2.8443970680236816
3.0	3.2696990966796875
3.0	3.1185920238494873
2.0	3.018744945526123
2.0	3.0753636360168457
3.0	2.868783950805664
3.0	2.8070313930511475
3.0	3.179772138595581
2.0	2.929417133331299
2.0	2.026844024658203
3.0	3.0840907096862793
3.0	3.1550636291503906
3.0	2.8622264862060547
2.0	2.319899797439575
2.0	2.819059371948242
2.0	2.7884790897369385
2.0	2.974709987640381
3.0	2.5858876705169678
3.0	3.1131978034973145
4.0	3.170010805130005
4.0	3.1372902393341064
3.0	2.6578924655914307
1.0	1.8952367305755615
2.0	2.9383885860443115
3.0	2.8553991317749023
4.0	3.00014591217041
3.0	3.0473527908325195
3.0	2.364241600036621
4.0	3.09307599067688
3.0	2.801203489303589
3.0	3.2290711402893066
3.0	3.0790822505950928
3.0	3.1645209789276123
3.0	2.8631606101989746
3.0	3.1377522945404053
3.0	3.1723718643188477
3.0	2.9294660091400146
3.0	3.1369762420654297
4.0	3.0804805755615234
3.0	2.9564731121063232
3.0	2.8605127334594727
3.0	3.1847026348114014
3.0	2.867685556411743
3.0	3.063793420791626
3.0	2.8408901691436768
4.0	3.2271134853363037
3.0	2.6883068084716797
3.0	3.0277509689331055
3.0	2.6688930988311768
3.0	3.120626211166382
4.0	3.1789000034332275
3.0	3.182483673095703
2.0	2.2288379669189453
2.0	2.6795506477355957
3.0	3.104649066925049
2.0	1.7875339984893799
2.0	2.5568418502807617
2.0	3.117790460586548
3.0	3.1988277435302734
3.0	2.8996458053588867
3.0	2.7999165058135986
3.0	2.7481541633605957
3.0	3.0136818885803223
3.0	2.5787696838378906
3.0	2.8972628116607666
2.0	3.0987777709960938
3.0	2.8200345039367676
2.0	2.679338216781616
3.0	3.1669278144836426
4.0	2.9621188640594482
2.0	3.1001832485198975
3.0	3.1761436462402344
3.0	2.9721462726593018
3.0	2.9538376331329346
2.0	2.1923305988311768
3.0	3.035369634628296
3.0	3.0322864055633545
2.0	3.079451084136963
3.0	2.929788589477539
2.0	3.1145312786102295
3.0	3.1227028369903564
3.0	2.8319199085235596
2.0	2.2691848278045654
1.0	1.51755952835083
3.0	3.088174343109131
2.0	2.5904455184936523
3.0	3.108935594558716
2.0	2.8249971866607666
2.0	2.939023017883301
4.0	3.1773247718811035
4.0	3.3031842708587646
3.0	3.1792197227478027
4.0	3.193067789077759
2.0	2.9097561836242676
4.0	3.14253306388855
3.0	3.117295742034912
2.0	3.0926082134246826
3.0	3.1568918228149414
2.0	2.9668452739715576
2.0	2.9342379570007324
3.0	2.8924734592437744
4.0	3.1187307834625244
2.0	2.4442176818847656
1.0	2.046597957611084
2.0	2.2842419147491455
3.0	2.8856022357940674
4.0	2.898493528366089
3.0	3.101849317550659
1.0	2.293283700942993
1.0	2.4957115650177
2.0	2.753751754760742
3.0	2.8593742847442627
2.0	2.208606719970703
1.0	2.0702922344207764
3.0	3.13818359375
3.0	2.6357059478759766
3.0	3.1833744049072266
2.0	2.837834596633911
2.0	2.5683488845825195
2.0	2.7669713497161865
2.0	2.914883852005005
4.0	3.183072566986084
3.0	2.6203625202178955
3.0	3.1336703300476074
3.0	3.2436647415161133
3.0	2.735651969909668
3.0	3.1478095054626465
3.0	2.68496036529541
3.0	2.904247283935547
3.0	2.712751626968384
3.0	2.790921688079834
3.0	3.113111734390259
4.0	3.1084327697753906
3.0	2.687004566192627
3.0	2.8290719985961914
2.0	2.1877970695495605
4.0	3.2226433753967285
3.0	3.1399216651916504
4.0	3.1566171646118164
4.0	3.0727827548980713
3.0	2.677772283554077
4.0	3.049440860748291
4.0	3.1564502716064453
4.0	3.189960479736328
3.0	3.01393723487854
4.0	3.068535327911377
4.0	3.14733624458313
3.0	3.1938164234161377
3.0	2.8567004203796387
3.0	2.962704658508301
4.0	3.0208842754364014
3.0	3.1145124435424805
3.0	2.800316095352173
4.0	3.0544838905334473
3.0	2.9733083248138428
4.0	2.9606306552886963
3.0	2.718665599822998
3.0	3.080740213394165
3.0	3.2256157398223877
4.0	3.1178946495056152
3.0	3.150132656097412
4.0	3.0055174827575684
4.0	3.230485677719116
3.0	2.6393046379089355
2.0	1.8276419639587402
3.0	2.5226080417633057
3.0	3.018925189971924
3.0	3.2869420051574707
3.0	3.1063570976257324
4.0	2.902120590209961
3.0	3.1947247982025146
3.0	2.496537446975708
3.0	2.520664930343628
4.0	2.8047168254852295
3.0	3.201012134552002
2.0	2.302554130554199
1.0	2.334139823913574
3.0	3.0291483402252197
3.0	3.0943603515625
4.0	3.172609329223633
4.0	3.020756244659424
3.0	2.6437997817993164
4.0	2.8240468502044678
4.0	3.2151832580566406
3.0	2.6026363372802734
3.0	2.7931580543518066
3.0	3.1073076725006104
3.0	2.922224521636963
5.0	3.2228498458862305
4.0	3.1784920692443848
3.0	3.1025547981262207
3.0	2.769090414047241
4.0	3.086879253387451
4.0	3.155914545059204
1.0	2.173131227493286
4.0	2.87334942817688
4.0	3.047312021255493
3.0	3.113360643386841
4.0	3.1624345779418945
2.0	2.5312204360961914
3.0	3.1281094551086426
3.0	3.0968754291534424
4.0	2.9748761653900146
2.0	2.8185853958129883
3.0	2.8615305423736572
3.0	3.0450856685638428
4.0	3.1715047359466553
3.0	2.8633644580841064
4.0	3.174696922302246
2.0	2.5417075157165527
3.0	3.0465309619903564
3.0	3.1597015857696533
3.0	3.0327532291412354
4.0	3.062950372695923
3.0	2.6219265460968018
2.0	2.7262744903564453
4.0	2.8815324306488037
4.0	3.1388535499572754
4.0	3.0171663761138916
4.0	3.151831865310669
3.0	3.0598068237304688
3.0	3.0530431270599365
3.0	2.9023048877716064
3.0	3.119572877883911
3.0	2.8190183639526367
3.0	3.165954113006592
1.0	2.5314502716064453
2.0	3.170839309692383
3.0	2.868655204772949
3.0	3.2107982635498047
3.0	3.192318916320801
4.0	3.199150323867798
2.0	2.413321018218994
3.0	3.218446731567383
4.0	3.19877290725708
4.0	2.8426103591918945
4.0	3.13143253326416
2.0	3.121668815612793
3.0	3.0635738372802734
2.0	2.2892074584960938
2.0	2.9639062881469727
3.0	3.0657477378845215
3.0	2.7304446697235107
3.0	3.021313190460205
3.0	3.07108736038208
3.0	3.19423246383667
1.0	3.043076992034912
2.0	2.2402913570404053
3.0	3.1055009365081787
2.0	2.529378890991211
3.0	3.074861764907837
3.0	2.9457342624664307
3.0	3.1278579235076904
4.0	3.2142059803009033
1.0	1.8875256776809692
3.0	2.8131847381591797
4.0	3.137626886367798
2.0	2.7325801849365234
0.0	1.4272493124008179
3.0	3.2370219230651855
4.0	3.196164608001709
2.0	2.3278379440307617
0.0	1.6129482984542847
2.0	2.7627694606781006
3.0	3.1722052097320557
3.0	3.010753631591797
4.0	3.242722988128662
2.0	2.165316581726074
3.0	2.8523099422454834
3.0	3.035693883895874
3.0	3.1323368549346924
4.0	3.2151718139648438
3.0	3.2220540046691895
3.0	2.71610164642334
1.0	1.7540078163146973
3.0	3.087385416030884
1.0	2.171985626220703
3.0	3.1552975177764893
3.0	3.111694812774658
4.0	2.9429280757904053
3.0	3.2242283821105957
2.0	2.2897450923919678
3.0	3.1108715534210205
4.0	3.1368486881256104
2.0	3.0394630432128906
2.0	3.119558811187744
2.0	3.128692865371704
3.0	3.1315321922302246
3.0	3.1162149906158447
1.0	2.2728171348571777
2.0	3.164473056793213
3.0	2.9469516277313232
2.0	3.005110025405884
3.0	3.005520820617676
4.0	3.153731346130371
2.0	3.2660470008850098
3.0	3.1340503692626953
2.0	2.273817777633667
4.0	3.1721341609954834
4.0	3.1573493480682373
3.0	3.0441341400146484
3.0	2.767289161682129
2.0	2.9589359760284424
2.0	3.1355504989624023
4.0	3.1083548069000244
3.0	3.0627830028533936
2.0	2.6451597213745117
3.0	3.0652527809143066
4.0	3.204054832458496
4.0	3.1848676204681396
3.0	3.1062188148498535
3.0	3.019437789916992
2.0	2.846282958984375
3.0	3.0472726821899414
2.0	2.589972496032715
3.0	3.188994884490967
4.0	3.155313491821289
4.0	3.1236515045166016
3.0	2.8473427295684814
4.0	2.9999327659606934
3.0	2.827848196029663
3.0	2.8644320964813232
2.0	2.7850236892700195
3.0	3.169783115386963
4.0	3.106390953063965
3.0	3.1708743572235107
3.0	3.185087203979492
4.0	3.226222038269043
4.0	3.178011417388916
3.0	3.116424322128296
2.0	2.624100923538208
3.0	3.070197343826294
3.0	3.096107006072998
4.0	3.2230441570281982
4.0	2.996487617492676
3.0	2.7169928550720215
2.0	2.715498208999634
3.0	2.9978013038635254
3.0	3.087221622467041
2.0	2.6838126182556152
3.0	3.1147358417510986
2.0	2.2943427562713623
3.0	3.1996090412139893
3.0	2.8262977600097656
3.0	3.14013934135437
2.0	2.8812453746795654
2.0	2.25156831741333
3.0	2.921245574951172
4.0	3.141824960708618
2.0	2.6290276050567627
2.0	2.70585560798645
3.0	3.115434169769287
3.0	2.775489568710327
2.0	2.6027777194976807
4.0	3.2040512561798096
