label	pred
4.0	4.823909282684326
5.0	6.04110050201416
5.0	5.644965171813965
4.0	5.428562164306641
3.0	4.091125011444092
3.0	4.027505397796631
1.0	1.482439637184143
3.0	3.9551756381988525
3.0	3.9795234203338623
2.0	3.0590412616729736
3.0	3.9635722637176514
3.0	3.976783514022827
4.0	5.099910736083984
2.0	2.4164483547210693
1.0	1.793035626411438
4.0	4.648691654205322
3.0	3.7690749168395996
4.0	4.698599338531494
3.0	4.149911880493164
2.0	3.0771000385284424
1.0	1.8866764307022095
3.0	4.138481616973877
2.0	2.946147918701172
3.0	3.930394172668457
3.0	4.092484951019287
3.0	3.5886282920837402
3.0	3.867457389831543
3.0	3.8467912673950195
3.0	3.8953840732574463
4.0	4.785412311553955
4.0	4.569687366485596
3.0	3.8117213249206543
2.0	2.6984703540802
3.0	4.093073844909668
3.0	3.4291441440582275
3.0	3.5824930667877197
0.0	0.9578815698623657
4.0	4.858565807342529
3.0	3.8223180770874023
4.0	4.525592803955078
4.0	4.572667598724365
4.0	4.497624397277832
4.0	4.556886672973633
4.0	4.4767045974731445
4.0	4.79672384262085
4.0	4.785341262817383
1.0	1.4562327861785889
3.0	3.8751213550567627
2.0	2.6685876846313477
3.0	3.3669772148132324
3.0	3.3387839794158936
4.0	4.562119483947754
3.0	3.5717554092407227
3.0	3.672166585922241
3.0	3.6518642902374268
3.0	3.4812171459198
2.0	2.519982099533081
2.0	2.4102935791015625
3.0	3.4701452255249023
3.0	3.6457040309906006
2.0	2.794088840484619
3.0	3.8832738399505615
4.0	4.634594440460205
3.0	3.637261152267456
1.0	1.4229227304458618
3.0	3.5966808795928955
3.0	3.46881103515625
3.0	3.195878505706787
3.0	3.703852653503418
3.0	3.1598851680755615
3.0	3.376965045928955
3.0	3.2038192749023438
3.0	3.262329578399658
3.0	3.3725132942199707
3.0	3.06864857673645
4.0	4.193111419677734
3.0	3.3859922885894775
3.0	3.2943294048309326
3.0	3.3977887630462646
4.0	4.279358386993408
4.0	4.330093860626221
4.0	4.312225341796875
2.0	1.987718939781189
3.0	3.0616965293884277
3.0	2.963658332824707
4.0	3.929170608520508
2.0	2.1078929901123047
3.0	3.0522243976593018
3.0	3.051466703414917
1.0	0.8575736880302429
4.0	3.753668785095215
1.0	0.8837127685546875
3.0	3.1960296630859375
3.0	3.1646318435668945
3.0	2.887620449066162
2.0	2.0055899620056152
4.0	3.6024537086486816
3.0	3.0287487506866455
3.0	2.9288668632507324
3.0	3.3853859901428223
3.0	3.6240665912628174
3.0	3.1350514888763428
3.0	3.0804905891418457
3.0	3.011674642562866
3.0	2.9561057090759277
4.0	4.276505470275879
3.0	3.0919430255889893
2.0	1.6313332319259644
3.0	3.1414802074432373
4.0	3.9989209175109863
4.0	3.965996265411377
4.0	4.339693546295166
4.0	4.126482009887695
3.0	3.381683588027954
4.0	4.282566070556641
4.0	3.8771791458129883
4.0	4.22290563583374
4.0	3.9555535316467285
3.0	3.2659733295440674
4.0	3.885911703109741
4.0	4.279666900634766
4.0	3.978863477706909
4.0	4.269664764404297
4.0	4.387320041656494
5.0	5.266974925994873
5.0	4.736019134521484
3.0	3.275360584259033
4.0	4.251507759094238
4.0	4.284829139709473
1.0	0.6849045157432556
3.0	3.219329357147217
4.0	4.313248157501221
2.0	2.392781972885132
3.0	3.4204587936401367
3.0	3.1097617149353027
4.0	4.242218017578125
3.0	3.298377275466919
2.0	1.6093287467956543
3.0	3.1768393516540527
3.0	2.73256254196167
3.0	3.2408783435821533
4.0	4.42751407623291
0.0	-0.18736502528190613
2.0	2.0090274810791016
4.0	4.112060546875
3.0	2.952247142791748
4.0	4.111274242401123
3.0	3.065629243850708
3.0	3.549381732940674
4.0	3.8182718753814697
4.0	4.3176374435424805
3.0	3.2921369075775146
3.0	3.288532018661499
4.0	4.212606906890869
1.0	0.8798388838768005
3.0	3.16298508644104
4.0	3.9779183864593506
4.0	4.6014909744262695
4.0	4.233974456787109
5.0	4.890390396118164
3.0	3.154658079147339
4.0	4.418355941772461
1.0	0.8394732475280762
3.0	3.1232337951660156
3.0	2.7767887115478516
4.0	4.007693290710449
3.0	3.4325294494628906
3.0	2.9818198680877686
3.0	3.2514171600341797
2.0	2.0811448097229004
4.0	4.014530181884766
3.0	3.338066339492798
1.0	0.7649914622306824
4.0	4.459637641906738
3.0	3.3572041988372803
3.0	3.1089398860931396
4.0	4.414604187011719
3.0	3.364025592803955
2.0	1.7013964653015137
3.0	3.0532984733581543
2.0	1.6485012769699097
2.0	2.324265718460083
3.0	2.8375627994537354
4.0	4.29855489730835
3.0	3.2023086547851562
2.0	1.6879417896270752
3.0	2.927271604537964
2.0	2.1868860721588135
3.0	3.100574254989624
2.0	1.9771783351898193
2.0	1.9035751819610596
2.0	2.2270467281341553
1.0	0.8295363187789917
2.0	1.8926997184753418
3.0	3.5660130977630615
4.0	4.2164530754089355
3.0	3.5643515586853027
2.0	2.3980729579925537
3.0	3.263451337814331
3.0	3.2738776206970215
2.0	2.0589959621429443
2.0	2.0082273483276367
3.0	3.189720630645752
3.0	3.287896156311035
1.0	0.6456118822097778
3.0	3.40358304977417
3.0	3.031857490539551
2.0	2.1286041736602783
3.0	3.785489559173584
3.0	3.2985599040985107
2.0	1.9272167682647705
3.0	3.224461078643799
2.0	2.3336145877838135
2.0	2.3554775714874268
4.0	4.502561092376709
3.0	3.5275394916534424
4.0	4.859827041625977
3.0	3.525188684463501
2.0	1.8579875230789185
2.0	2.0553460121154785
2.0	2.183044910430908
3.0	3.495225191116333
2.0	2.1880393028259277
1.0	0.8007929921150208
2.0	2.5039546489715576
2.0	2.311919689178467
3.0	3.435279369354248
2.0	2.505314826965332
2.0	1.9310977458953857
2.0	2.195369005203247
3.0	3.3001937866210938
3.0	3.256948947906494
1.0	1.6401219367980957
1.0	1.4297000169754028
2.0	2.240412950515747
1.0	1.0633922815322876
2.0	2.2469120025634766
3.0	3.7664990425109863
2.0	1.9995008707046509
1.0	1.074643850326538
0.0	-0.0731288343667984
2.0	2.3474504947662354
2.0	2.2756872177124023
3.0	3.348581075668335
2.0	2.293147087097168
4.0	4.810586929321289
2.0	2.8076188564300537
1.0	1.3654279708862305
2.0	2.6794214248657227
3.0	3.3874008655548096
3.0	3.986480951309204
4.0	4.558217525482178
2.0	2.385812997817993
3.0	3.6545968055725098
1.0	1.6797147989273071
1.0	1.3103888034820557
2.0	2.4245896339416504
2.0	2.6178512573242188
3.0	3.8707520961761475
4.0	4.537465572357178
3.0	3.683831214904785
3.0	3.48009991645813
3.0	3.733015298843384
2.0	2.3888192176818848
3.0	3.6032536029815674
1.0	1.1862258911132812
4.0	4.812057018280029
4.0	4.781108856201172
4.0	4.893744945526123
3.0	3.5474023818969727
3.0	3.751845359802246
4.0	4.360548973083496
3.0	3.7602603435516357
3.0	3.8957679271698
2.0	2.411855459213257
2.0	2.3340699672698975
3.0	3.5488219261169434
4.0	4.641567707061768
2.0	2.480869770050049
3.0	3.3128576278686523
4.0	4.898558139801025
3.0	3.7188196182250977
4.0	4.699724197387695
2.0	2.523054838180542
3.0	3.829068183898926
3.0	3.6826720237731934
3.0	3.0526835918426514
4.0	4.5688157081604
3.0	3.6932294368743896
3.0	3.768815517425537
3.0	3.6296157836914062
3.0	3.3623108863830566
2.0	2.0646026134490967
3.0	3.5697765350341797
2.0	2.515289306640625
2.0	2.981215238571167
2.0	2.212857723236084
3.0	3.5374157428741455
1.0	1.2975010871887207
1.0	1.3731836080551147
4.0	4.516904354095459
5.0	5.462001323699951
4.0	4.458197116851807
3.0	3.47176194190979
3.0	3.355095624923706
3.0	3.596634864807129
3.0	3.552539348602295
3.0	3.316603899002075
4.0	4.451521873474121
3.0	3.5151278972625732
3.0	3.585747241973877
3.0	3.557417392730713
1.0	1.6214778423309326
2.0	2.3267672061920166
3.0	3.4734017848968506
3.0	3.3213582038879395
2.0	2.2846381664276123
1.0	1.4098901748657227
2.0	2.232300043106079
1.0	1.4308888912200928
3.0	3.4229159355163574
3.0	3.6580541133880615
3.0	3.4931721687316895
2.0	2.415262222290039
4.0	4.749574184417725
4.0	4.563027858734131
1.0	1.2989352941513062
3.0	3.428617238998413
3.0	3.49999737739563
3.0	3.592489719390869
3.0	3.629300594329834
3.0	3.5470895767211914
0.0	0.2485380619764328
4.0	4.867053508758545
3.0	3.250260353088379
5.0	5.396464824676514
4.0	4.476946830749512
3.0	3.8206288814544678
3.0	3.492497682571411
3.0	3.566234588623047
4.0	4.81350040435791
3.0	3.441708564758301
3.0	3.101900815963745
2.0	2.0401995182037354
3.0	3.9938812255859375
2.0	2.0515217781066895
3.0	3.485546827316284
4.0	4.763297080993652
4.0	4.73915958404541
3.0	3.5815324783325195
4.0	4.236804485321045
4.0	4.749860763549805
3.0	3.4644341468811035
3.0	3.828648805618286
2.0	2.492591142654419
2.0	2.437727928161621
3.0	3.4768807888031006
1.0	1.2684242725372314
3.0	3.8370816707611084
4.0	4.2806291580200195
