label	pred
4.0	3.6513969898223877
1.0	2.0758683681488037
2.0	2.6381189823150635
4.0	3.9618921279907227
3.0	3.6273841857910156
2.0	3.1113595962524414
2.0	4.241662502288818
4.0	3.7761688232421875
2.0	3.2294111251831055
3.0	3.1298797130584717
2.0	2.934485912322998
3.0	3.0061194896698
4.0	3.4492342472076416
2.0	2.990553140640259
1.0	1.9059293270111084
3.0	3.030337333679199
4.0	4.015403747558594
4.0	3.1190285682678223
2.0	2.58762788772583
3.0	3.061483383178711
3.0	2.7228457927703857
2.0	3.315922498703003
2.0	2.726517915725708
2.0	3.475064277648926
4.0	3.943782329559326
4.0	3.3105967044830322
2.0	2.5447301864624023
0.0	0.9518095850944519
3.0	3.2097585201263428
3.0	2.974224090576172
4.0	3.619145154953003
3.0	3.5449764728546143
1.0	2.3055145740509033
3.0	3.301429271697998
3.0	3.144099712371826
4.0	3.6330034732818604
3.0	3.4571444988250732
3.0	3.89876389503479
3.0	3.1909849643707275
2.0	3.3356637954711914
3.0	3.208418846130371
4.0	3.122641086578369
4.0	4.093315124511719
4.0	4.209158897399902
3.0	3.1512486934661865
2.0	3.054717540740967
4.0	3.943011522293091
3.0	3.12935471534729
4.0	3.3878257274627686
3.0	3.379004716873169
3.0	4.084514617919922
2.0	2.7234067916870117
3.0	3.341109275817871
2.0	3.2113730907440186
4.0	3.6319773197174072
5.0	3.7639412879943848
5.0	4.435081481933594
1.0	2.3059980869293213
2.0	2.950296640396118
3.0	3.582651138305664
1.0	1.7360522747039795
2.0	3.013552665710449
3.0	3.8469290733337402
4.0	4.336576461791992
3.0	3.150883197784424
2.0	3.1223950386047363
2.0	2.803705930709839
3.0	3.3567841053009033
2.0	2.6147868633270264
2.0	2.9936695098876953
4.0	3.849393844604492
3.0	3.1611156463623047
2.0	3.3708105087280273
3.0	3.6269848346710205
3.0	3.329911708831787
3.0	3.284620761871338
3.0	3.7554852962493896
3.0	3.1002628803253174
3.0	3.3822195529937744
1.0	2.1247220039367676
3.0	3.5120809078216553
3.0	3.759695291519165
3.0	3.4782044887542725
3.0	3.351808786392212
3.0	3.3060922622680664
3.0	3.394493579864502
3.0	3.1508684158325195
2.0	2.5991501808166504
1.0	1.4493111371994019
3.0	3.497295618057251
2.0	2.6323301792144775
4.0	3.6839418411254883
3.0	3.0976648330688477
2.0	3.325047492980957
5.0	3.993654251098633
5.0	3.899686336517334
5.0	3.98374342918396
4.0	3.9248762130737305
3.0	3.516895055770874
5.0	4.244630336761475
3.0	3.5496625900268555
4.0	3.497368335723877
3.0	3.6330738067626953
3.0	3.145308494567871
3.0	2.9151694774627686
3.0	3.3639845848083496
4.0	3.8950376510620117
2.0	2.4087514877319336
1.0	2.2285268306732178
2.0	2.3867428302764893
3.0	3.1175174713134766
3.0	2.9673941135406494
3.0	3.2673983573913574
2.0	2.4264466762542725
1.0	2.3683524131774902
2.0	2.7695398330688477
3.0	3.3770406246185303
1.0	2.435659885406494
1.0	1.8997050523757935
3.0	4.258723735809326
2.0	2.853482246398926
3.0	3.943446397781372
2.0	3.158621072769165
2.0	2.8680543899536133
3.0	2.735889434814453
2.0	3.2769107818603516
4.0	4.033580303192139
2.0	2.3885293006896973
3.0	3.974102020263672
3.0	3.977883815765381
2.0	3.064025640487671
3.0	3.8061916828155518
2.0	2.7993547916412354
3.0	3.420757532119751
2.0	2.9697506427764893
4.0	2.9083383083343506
4.0	3.8157331943511963
3.0	3.0515596866607666
2.0	2.5678045749664307
3.0	3.0256547927856445
1.0	2.16648530960083
3.0	4.058809280395508
2.0	3.5740418434143066
3.0	3.5180912017822266
3.0	3.2219350337982178
2.0	2.9535903930664062
3.0	3.3919174671173096
5.0	3.9642868041992188
3.0	3.887268304824829
3.0	3.492788076400757
3.0	3.6171350479125977
4.0	3.7703888416290283
3.0	3.6704537868499756
2.0	3.2120532989501953
3.0	3.7960498332977295
3.0	3.7675817012786865
3.0	4.004297733306885
2.0	2.9963717460632324
3.0	3.2945568561553955
3.0	3.0369203090667725
3.0	3.157208204269409
2.0	2.88313627243042
3.0	3.7899065017700195
3.0	3.7818729877471924
2.0	3.78240966796875
3.0	3.3923041820526123
3.0	3.260093927383423
3.0	4.021071910858154
2.0	2.730992317199707
1.0	1.2384802103042603
2.0	2.235394239425659
2.0	3.674401044845581
4.0	3.972024917602539
3.0	3.596498489379883
3.0	3.2771353721618652
4.0	4.199073791503906
2.0	1.778238296508789
3.0	2.3796393871307373
3.0	3.18778920173645
4.0	3.560940980911255
2.0	2.4955434799194336
2.0	2.2446305751800537
4.0	3.53721284866333
3.0	3.5099124908447266
3.0	3.637298583984375
3.0	3.3936805725097656
2.0	3.038421869277954
2.0	2.984957456588745
3.0	4.097490310668945
2.0	2.8937134742736816
3.0	3.0785679817199707
3.0	3.5420827865600586
3.0	2.9796581268310547
4.0	4.17769193649292
4.0	4.09259557723999
4.0	3.751070022583008
2.0	3.053856134414673
4.0	4.063547611236572
4.0	3.7487142086029053
2.0	1.5811047554016113
2.0	3.136504888534546
2.0	3.1204655170440674
4.0	3.869532346725464
4.0	3.932987928390503
2.0	2.565304756164551
3.0	3.2917847633361816
3.0	3.3508760929107666
3.0	3.345512866973877
3.0	3.0085742473602295
3.0	3.407355785369873
3.0	3.623762845993042
5.0	4.183784008026123
3.0	3.1050188541412354
5.0	4.123030185699463
2.0	2.578402280807495
3.0	3.3770859241485596
4.0	3.6209323406219482
3.0	3.041642904281616
4.0	3.854107618331909
3.0	2.747776508331299
2.0	2.725264549255371
3.0	3.3718996047973633
4.0	3.8469486236572266
3.0	3.0322518348693848
4.0	4.127854824066162
4.0	3.73931622505188
3.0	3.6449289321899414
2.0	3.4493584632873535
3.0	3.9398422241210938
2.0	3.058246374130249
3.0	3.9153800010681152
2.0	2.3696584701538086
3.0	3.5351696014404297
3.0	2.9245195388793945
5.0	4.208986282348633
4.0	4.080493450164795
5.0	4.153893947601318
2.0	2.4072115421295166
4.0	3.823113441467285
4.0	3.9583044052124023
3.0	3.2590198516845703
5.0	3.8649234771728516
3.0	3.9973015785217285
4.0	3.545273780822754
2.0	2.246595621109009
2.0	3.093416213989258
3.0	3.391551971435547
3.0	2.398603677749634
3.0	3.1530444622039795
3.0	2.8421075344085693
4.0	4.454355716705322
2.0	3.2640695571899414
2.0	2.3646962642669678
4.0	3.6016247272491455
2.0	2.538783550262451
3.0	3.2834975719451904
3.0	3.2272486686706543
4.0	3.9695725440979004
4.0	4.310468673706055
1.0	1.4251112937927246
2.0	2.765268087387085
4.0	3.9311575889587402
2.0	2.72451114654541
0.0	1.2383159399032593
3.0	3.7776613235473633
4.0	4.236538887023926
2.0	2.4537603855133057
1.0	1.3564525842666626
2.0	2.621326446533203
4.0	3.844088554382324
3.0	3.3280181884765625
4.0	4.123311996459961
2.0	2.2854115962982178
3.0	3.07338285446167
3.0	3.4885082244873047
4.0	3.8532254695892334
4.0	4.056351184844971
3.0	4.220914363861084
2.0	3.0636792182922363
1.0	1.0249748229980469
3.0	4.016944408416748
1.0	2.3147573471069336
3.0	3.959817409515381
4.0	3.72440767288208
3.0	3.352525234222412
4.0	4.181021213531494
2.0	2.272385597229004
4.0	3.932745933532715
5.0	4.085880756378174
3.0	3.1801505088806152
3.0	3.498197555541992
3.0	3.7062854766845703
3.0	3.4556214809417725
4.0	3.944378137588501
2.0	2.344514846801758
4.0	3.8280982971191406
3.0	3.1686291694641113
2.0	3.4540157318115234
3.0	3.908597946166992
4.0	3.7956912517547607
4.0	4.15432596206665
4.0	4.012925624847412
2.0	2.101019859313965
4.0	3.7532920837402344
5.0	4.1444597244262695
3.0	3.2050628662109375
3.0	2.7639994621276855
2.0	3.3374876976013184
3.0	3.8515708446502686
4.0	3.325974225997925
3.0	3.9007349014282227
2.0	2.853656053543091
3.0	3.3648927211761475
5.0	4.075563430786133
4.0	4.2650146484375
3.0	3.725292444229126
3.0	3.4552502632141113
2.0	3.1329970359802246
4.0	3.2344048023223877
2.0	2.685009002685547
5.0	3.9415130615234375
4.0	3.946819305419922
4.0	4.166594982147217
3.0	3.0117268562316895
3.0	3.3085145950317383
3.0	3.265778064727783
3.0	2.754591226577759
3.0	3.0576210021972656
4.0	4.130105495452881
3.0	3.565695285797119
3.0	3.8640365600585938
3.0	4.159292221069336
5.0	4.000880718231201
4.0	4.340336799621582
4.0	3.6642723083496094
2.0	3.048342227935791
3.0	3.5290160179138184
3.0	3.614643096923828
4.0	4.14965295791626
3.0	3.664233446121216
3.0	2.8205857276916504
2.0	3.1201446056365967
3.0	3.4840128421783447
4.0	3.520817756652832
2.0	2.85424542427063
4.0	3.534891366958618
2.0	2.3041980266571045
4.0	3.8981168270111084
3.0	3.4744632244110107
3.0	3.665555715560913
3.0	3.197284698486328
2.0	2.2653234004974365
3.0	3.171668529510498
4.0	4.224410533905029
2.0	2.421325206756592
2.0	2.4371118545532227
4.0	3.9010157585144043
3.0	2.7730047702789307
2.0	2.690574884414673
3.0	3.8350400924682617
