label	pred
4.0	3.9209775924682617
1.0	1.6752914190292358
2.0	2.76143217086792
4.0	3.9584128856658936
3.0	3.6684982776641846
2.0	3.2461864948272705
2.0	3.9779303073883057
4.0	3.9028713703155518
2.0	3.3891799449920654
3.0	3.5114245414733887
2.0	3.2096166610717773
3.0	3.2702114582061768
4.0	3.9580020904541016
2.0	3.2900891304016113
1.0	1.4641165733337402
3.0	3.4574286937713623
4.0	3.945227861404419
4.0	3.194727897644043
2.0	2.7295901775360107
3.0	3.2477457523345947
3.0	3.052030086517334
2.0	3.461092710494995
2.0	2.7504286766052246
2.0	3.694216251373291
4.0	3.8834471702575684
4.0	3.6102280616760254
2.0	2.734086513519287
0.0	0.9622565507888794
3.0	3.2840170860290527
3.0	3.162260055541992
4.0	3.6554839611053467
3.0	3.5524609088897705
1.0	2.347363233566284
3.0	3.6281683444976807
3.0	3.1591501235961914
4.0	3.78311824798584
3.0	3.529341459274292
3.0	3.7546677589416504
3.0	3.295410633087158
2.0	3.7362728118896484
3.0	3.8041532039642334
4.0	3.3565409183502197
4.0	3.8302102088928223
4.0	3.8319015502929688
3.0	3.3899147510528564
2.0	3.2469770908355713
4.0	3.9754602909088135
3.0	3.366755247116089
4.0	3.5665040016174316
3.0	3.3754234313964844
3.0	3.8912525177001953
2.0	2.8411004543304443
3.0	3.5856707096099854
2.0	2.9691524505615234
4.0	3.8518459796905518
5.0	3.745872974395752
5.0	3.891752243041992
1.0	2.107600688934326
2.0	2.894756555557251
3.0	3.7231876850128174
1.0	1.4455244541168213
2.0	2.8064401149749756
3.0	3.656069755554199
4.0	3.9658732414245605
3.0	3.1980836391448975
2.0	3.051682472229004
2.0	3.062047004699707
3.0	3.545607328414917
2.0	2.8480582237243652
2.0	3.240471839904785
4.0	3.8482229709625244
3.0	3.1791560649871826
2.0	3.1660518646240234
3.0	3.921318531036377
3.0	3.5068390369415283
3.0	3.5233068466186523
3.0	3.871405601501465
3.0	3.2749433517456055
3.0	3.447404384613037
1.0	1.9574050903320312
3.0	3.496551036834717
3.0	3.4721479415893555
3.0	3.6230063438415527
3.0	3.3973217010498047
3.0	3.5297293663024902
3.0	3.6067123413085938
3.0	3.2990543842315674
2.0	2.2070400714874268
1.0	0.8785692453384399
3.0	3.9036126136779785
2.0	2.734950542449951
4.0	3.7619805335998535
3.0	3.2451024055480957
2.0	3.281554698944092
5.0	3.7916531562805176
5.0	3.8929319381713867
5.0	3.8982057571411133
4.0	3.9556236267089844
3.0	3.3494486808776855
5.0	3.9090967178344727
3.0	3.6509811878204346
4.0	3.7021939754486084
3.0	3.7380499839782715
3.0	3.422919988632202
3.0	3.2130770683288574
3.0	3.3179450035095215
4.0	3.831732749938965
2.0	2.463963031768799
1.0	1.8198986053466797
2.0	2.290771722793579
3.0	3.257073402404785
3.0	3.302030086517334
3.0	3.582197427749634
2.0	2.3115155696868896
1.0	2.666437864303589
2.0	3.048062562942505
3.0	3.42392635345459
1.0	2.267735004425049
1.0	1.8210846185684204
3.0	3.7633776664733887
2.0	2.9162516593933105
3.0	3.9396541118621826
2.0	3.278455972671509
2.0	2.798271656036377
3.0	3.182910680770874
2.0	3.261810541152954
4.0	3.8925909996032715
2.0	2.611315965652466
3.0	3.981811761856079
3.0	3.814518451690674
2.0	3.1586554050445557
3.0	3.5621254444122314
2.0	2.8068320751190186
3.0	3.3503408432006836
2.0	3.0654966831207275
4.0	3.0858089923858643
4.0	3.892629384994507
3.0	3.5402748584747314
2.0	2.934561014175415
3.0	3.1105117797851562
1.0	1.9615188837051392
3.0	3.904604196548462
2.0	3.640394687652588
3.0	3.8494577407836914
3.0	3.6680407524108887
2.0	2.9555532932281494
3.0	3.533039093017578
5.0	3.880079507827759
3.0	3.925971508026123
3.0	3.64371657371521
3.0	3.867056131362915
4.0	3.7081668376922607
3.0	3.9186179637908936
2.0	3.2806074619293213
3.0	3.704974412918091
3.0	3.6799869537353516
3.0	3.943551540374756
2.0	3.139944553375244
3.0	3.677992105484009
3.0	3.294318675994873
3.0	3.4357337951660156
2.0	3.128481864929199
3.0	3.6524739265441895
3.0	3.8520848751068115
2.0	3.7575438022613525
3.0	3.663627862930298
3.0	3.433751344680786
3.0	3.967219114303589
2.0	2.820391893386841
1.0	1.2365487813949585
2.0	2.396658420562744
2.0	3.6139333248138428
4.0	3.942516565322876
3.0	3.7465016841888428
3.0	3.389099359512329
4.0	3.9851460456848145
2.0	2.5991454124450684
3.0	2.700042963027954
3.0	3.146198034286499
4.0	3.9057974815368652
2.0	2.3636717796325684
2.0	2.195725917816162
4.0	3.560216188430786
3.0	3.7218356132507324
3.0	3.7869908809661865
3.0	3.537053108215332
2.0	2.7766945362091064
2.0	3.1640539169311523
3.0	3.9818122386932373
2.0	2.771759510040283
3.0	3.1280574798583984
3.0	3.8397200107574463
3.0	3.398261785507202
4.0	3.896354913711548
4.0	4.068769454956055
4.0	3.7988345623016357
2.0	3.2075932025909424
4.0	3.8499040603637695
4.0	3.793344020843506
2.0	1.8080049753189087
2.0	3.323154926300049
2.0	3.4722912311553955
4.0	3.84213924407959
4.0	3.96502423286438
2.0	2.595930576324463
3.0	3.6509547233581543
3.0	3.576545476913452
3.0	3.434990167617798
3.0	3.1518585681915283
3.0	3.1545536518096924
3.0	3.5821807384490967
5.0	3.9051053524017334
3.0	3.399508237838745
5.0	3.813136577606201
2.0	2.6037752628326416
3.0	3.4675214290618896
4.0	3.610978126525879
3.0	3.4911837577819824
4.0	3.753194808959961
3.0	2.863267421722412
2.0	3.0209100246429443
3.0	3.3639607429504395
4.0	3.731724977493286
3.0	3.5604326725006104
4.0	3.810173273086548
4.0	3.594733476638794
3.0	3.6051645278930664
2.0	3.4102001190185547
3.0	3.657358407974243
2.0	3.2312631607055664
3.0	3.9346539974212646
2.0	2.60892915725708
3.0	3.8195443153381348
3.0	3.1585214138031006
5.0	3.8683300018310547
4.0	3.869429111480713
5.0	3.964123010635376
2.0	2.4417624473571777
4.0	4.00303316116333
4.0	3.8714702129364014
3.0	3.354602813720703
5.0	3.919302463531494
3.0	3.7511284351348877
4.0	3.9058895111083984
2.0	2.288943290710449
2.0	3.483358144760132
3.0	3.720428705215454
3.0	2.9516780376434326
3.0	3.495093822479248
3.0	3.529996871948242
4.0	3.9820728302001953
2.0	3.5972466468811035
2.0	2.044602394104004
4.0	3.8416194915771484
2.0	2.7261433601379395
3.0	3.5147714614868164
3.0	3.336233615875244
4.0	3.883298397064209
4.0	3.984877824783325
1.0	1.2804964780807495
2.0	3.1479241847991943
4.0	3.7935667037963867
2.0	2.9816598892211914
0.0	1.1996080875396729
3.0	3.7653050422668457
4.0	3.914116144180298
2.0	2.2530999183654785
1.0	0.9194837808609009
2.0	3.0920474529266357
4.0	3.7374696731567383
3.0	3.62191104888916
4.0	4.017770767211914
2.0	2.1163032054901123
3.0	3.1417722702026367
3.0	3.6586453914642334
4.0	3.7774770259857178
4.0	3.9616196155548096
3.0	3.7565877437591553
2.0	2.8514790534973145
1.0	1.1449377536773682
3.0	3.7761902809143066
1.0	2.076646327972412
3.0	3.849900484085083
4.0	3.709655523300171
3.0	3.377047300338745
4.0	3.998279333114624
2.0	2.3714702129364014
4.0	4.0720720291137695
5.0	3.904266595840454
3.0	3.5005359649658203
3.0	3.722512722015381
3.0	3.769270896911621
3.0	3.796130657196045
4.0	3.7761971950531006
2.0	2.122053861618042
4.0	3.761323928833008
3.0	3.4937796592712402
2.0	3.5083460807800293
3.0	3.8969016075134277
4.0	3.7738053798675537
4.0	3.843417167663574
4.0	3.8834798336029053
2.0	1.905759572982788
4.0	3.782902479171753
5.0	3.8447723388671875
3.0	3.596566915512085
3.0	2.9184203147888184
2.0	3.3984475135803223
3.0	3.725238561630249
4.0	3.781834363937378
3.0	3.6129541397094727
2.0	2.801219940185547
3.0	3.7483484745025635
5.0	3.7476015090942383
4.0	3.7952218055725098
3.0	3.6221606731414795
3.0	3.4964780807495117
2.0	3.2615034580230713
4.0	3.571887731552124
2.0	2.816666841506958
5.0	3.8672099113464355
4.0	3.8838095664978027
4.0	3.7747559547424316
3.0	3.170506715774536
3.0	3.674250364303589
3.0	3.1840977668762207
3.0	3.0732669830322266
3.0	3.189470052719116
4.0	3.82968807220459
3.0	3.5253517627716064
3.0	3.889301061630249
3.0	3.97900390625
5.0	3.970672369003296
4.0	3.845384120941162
4.0	3.8183188438415527
2.0	3.0080084800720215
3.0	3.692422389984131
3.0	3.8249611854553223
4.0	3.85800838470459
3.0	3.567680597305298
3.0	3.0485470294952393
2.0	2.968207597732544
3.0	3.477644681930542
4.0	3.70504093170166
2.0	2.7442450523376465
4.0	3.7450625896453857
2.0	2.316708564758301
4.0	3.8272786140441895
3.0	3.1712419986724854
3.0	3.799528121948242
3.0	3.2304329872131348
2.0	2.3876748085021973
3.0	3.286506175994873
4.0	3.979907751083374
2.0	2.85416841506958
2.0	2.5922584533691406
4.0	3.964529037475586
3.0	3.142108201980591
2.0	2.8418993949890137
3.0	3.9140186309814453
