label	pred
3.0	3.6826517581939697
1.0	1.9105623960494995
2.0	2.2024009227752686
3.0	3.637824058532715
3.0	3.315685272216797
1.0	2.8475992679595947
3.0	3.726208448410034
3.0	3.2278761863708496
2.0	3.7123992443084717
3.0	3.4898574352264404
3.0	3.0860931873321533
3.0	2.9286770820617676
3.0	3.8327977657318115
2.0	3.0788257122039795
1.0	1.2763782739639282
3.0	3.408050537109375
2.0	4.130664348602295
2.0	2.875321865081787
2.0	1.8065612316131592
2.0	2.9552018642425537
2.0	2.2788326740264893
2.0	3.2339444160461426
3.0	2.211613655090332
2.0	3.9091460704803467
3.0	3.768606185913086
4.0	3.2421371936798096
4.0	2.4925899505615234
1.0	1.244881510734558
3.0	3.0840795040130615
4.0	2.7282392978668213
4.0	3.1564671993255615
3.0	3.6266379356384277
3.0	1.8397655487060547
4.0	3.3969457149505615
3.0	2.409895658493042
3.0	3.5637893676757812
4.0	3.6367568969726562
3.0	3.556108236312866
2.0	3.31723690032959
3.0	3.660845994949341
3.0	3.458638906478882
3.0	3.5053977966308594
3.0	3.722506046295166
4.0	3.988642454147339
4.0	2.9936556816101074
3.0	3.230738401412964
4.0	3.561492919921875
3.0	3.0516464710235596
3.0	3.7202439308166504
4.0	3.1982064247131348
3.0	3.553936004638672
2.0	2.3496601581573486
3.0	3.3449690341949463
3.0	2.554230213165283
3.0	3.5811209678649902
3.0	3.4168882369995117
3.0	3.909743309020996
2.0	1.5246704816818237
2.0	2.3662350177764893
3.0	3.647704839706421
2.0	1.2364124059677124
2.0	2.1962993144989014
3.0	3.2517917156219482
4.0	3.475679397583008
3.0	3.0628347396850586
2.0	2.3755011558532715
3.0	2.9891579151153564
3.0	3.3104467391967773
2.0	2.518580913543701
2.0	2.607921838760376
3.0	3.1530849933624268
3.0	2.8540639877319336
2.0	2.7461740970611572
3.0	3.909597873687744
3.0	3.1266026496887207
3.0	3.4457759857177734
3.0	3.875007152557373
3.0	3.186915636062622
3.0	3.3542280197143555
3.0	1.4722727537155151
3.0	3.314366102218628
3.0	3.771176338195801
4.0	3.5577383041381836
3.0	3.17425274848938
3.0	3.590695858001709
4.0	3.2789618968963623
3.0	2.885788679122925
2.0	2.018731117248535
1.0	0.902662456035614
4.0	3.4542605876922607
3.0	2.490203380584717
4.0	3.355302095413208
3.0	3.0279641151428223
2.0	3.352550745010376
4.0	3.608367681503296
5.0	3.5213370323181152
3.0	3.972191333770752
4.0	3.621271848678589
2.0	3.1085355281829834
4.0	3.457400321960449
3.0	3.2168149948120117
3.0	3.513239860534668
3.0	3.1995787620544434
3.0	3.4102606773376465
3.0	2.814084529876709
3.0	3.114138603210449
4.0	3.6258914470672607
2.0	2.1349937915802
1.0	1.7309422492980957
2.0	1.9459972381591797
3.0	2.9200758934020996
3.0	3.3188087940216064
3.0	3.528974771499634
1.0	1.907326340675354
1.0	1.997063159942627
2.0	2.6399424076080322
2.0	3.244844913482666
1.0	1.9038701057434082
2.0	1.384533405303955
2.0	3.6644160747528076
3.0	2.378364086151123
3.0	3.5246028900146484
3.0	3.1593987941741943
2.0	2.6242144107818604
3.0	2.438354253768921
3.0	2.53735089302063
3.0	3.715256690979004
3.0	2.6022140979766846
4.0	3.5406346321105957
3.0	3.9613966941833496
3.0	2.8801848888397217
3.0	3.846078634262085
3.0	2.5442590713500977
4.0	2.9336397647857666
3.0	3.0005409717559814
3.0	2.873560905456543
3.0	3.747063636779785
3.0	3.6667823791503906
3.0	2.8013458251953125
3.0	2.8826210498809814
2.0	1.9315615892410278
3.0	3.636411428451538
3.0	3.189513921737671
3.0	3.6742587089538574
3.0	3.600510358810425
4.0	2.933185338973999
4.0	3.6497626304626465
4.0	3.4895970821380615
3.0	3.6795220375061035
3.0	2.8617353439331055
3.0	3.3349599838256836
4.0	3.6477489471435547
4.0	3.9369609355926514
3.0	3.2462105751037598
3.0	2.8645663261413574
4.0	3.4504826068878174
4.0	3.153066873550415
3.0	2.8170547485351562
4.0	3.683973789215088
3.0	3.226315975189209
3.0	3.4513120651245117
3.0	2.8499467372894287
4.0	3.232475757598877
3.0	3.54982590675354
3.0	3.627562999725342
3.0	3.6887905597686768
4.0	3.3804497718811035
3.0	3.5650978088378906
2.0	2.5292768478393555
2.0	0.8217160701751709
3.0	2.0566892623901367
3.0	3.454526662826538
4.0	3.6617462635040283
3.0	3.7652599811553955
4.0	3.2340402603149414
3.0	3.367049217224121
3.0	1.8291268348693848
3.0	2.026094675064087
3.0	2.8937816619873047
4.0	3.6796762943267822
2.0	2.1407082080841064
1.0	1.7024818658828735
2.0	2.849266290664673
3.0	3.5278050899505615
4.0	4.108645439147949
4.0	3.4007227420806885
3.0	2.6923561096191406
3.0	3.107868194580078
4.0	3.7437102794647217
3.0	2.3129477500915527
4.0	2.79463791847229
3.0	3.6403539180755615
3.0	2.693021297454834
5.0	3.7168304920196533
5.0	3.7701172828674316
3.0	3.4673209190368652
3.0	2.741880416870117
4.0	3.648634433746338
3.0	3.6879773139953613
1.0	1.4535452127456665
4.0	3.197817325592041
4.0	3.4803309440612793
3.0	3.471055030822754
3.0	3.6371452808380127
2.0	2.0274832248687744
3.0	3.500411033630371
3.0	3.436323404312134
3.0	3.594703197479248
2.0	2.8216161727905273
3.0	3.009760618209839
3.0	3.5256567001342773
4.0	3.7619004249572754
3.0	2.9674978256225586
4.0	3.7738702297210693
3.0	2.1534290313720703
3.0	3.279362678527832
3.0	3.655315399169922
3.0	3.365255832672119
3.0	3.223332643508911
3.0	2.6484172344207764
2.0	2.4009041786193848
3.0	3.205981731414795
4.0	3.7266762256622314
3.0	3.3892107009887695
4.0	3.551438093185425
4.0	3.7292585372924805
3.0	3.0521953105926514
3.0	2.698239326477051
3.0	3.494459867477417
3.0	2.738027572631836
4.0	3.8148226737976074
3.0	2.0849335193634033
2.0	3.5846939086914062
3.0	2.948340654373169
3.0	3.7395362854003906
3.0	3.5928800106048584
3.0	3.6467270851135254
2.0	2.360382556915283
3.0	3.559723138809204
4.0	3.525683879852295
3.0	2.76814603805542
4.0	3.8362619876861572
3.0	3.489002227783203
3.0	3.6502649784088135
1.0	2.046121597290039
3.0	3.4303977489471436
3.0	3.408982753753662
3.0	2.780346393585205
3.0	3.0524237155914307
3.0	3.603276252746582
3.0	3.5489988327026367
2.0	3.450779438018799
3.0	2.0315089225769043
3.0	3.351269245147705
2.0	2.3697705268859863
3.0	3.4133052825927734
3.0	2.673344135284424
4.0	3.4123740196228027
2.0	3.771449089050293
2.0	1.4200619459152222
3.0	2.3274831771850586
4.0	3.2404747009277344
2.0	2.559203863143921
1.0	0.960712194442749
4.0	3.729930877685547
4.0	4.006750106811523
2.0	1.9809722900390625
0.0	0.9257844686508179
2.0	2.6290974617004395
2.0	3.481956958770752
2.0	3.6375131607055664
3.0	3.799734592437744
2.0	1.777848720550537
3.0	2.731001377105713
3.0	3.594637155532837
3.0	3.6082851886749268
4.0	3.670361042022705
3.0	3.663041830062866
3.0	2.6230316162109375
1.0	0.7456496953964233
3.0	3.4414525032043457
2.0	1.4807014465332031
3.0	3.3825764656066895
3.0	3.731515884399414
3.0	3.311188220977783
4.0	3.7537412643432617
3.0	2.0060875415802
4.0	3.784010410308838
4.0	3.52227520942688
2.0	3.409700393676758
2.0	3.7748830318450928
3.0	3.8550424575805664
3.0	3.486462354660034
3.0	3.50991153717041
1.0	1.6159526109695435
3.0	3.7394866943359375
3.0	3.528001308441162
2.0	3.439805507659912
3.0	3.2884864807128906
4.0	3.523292303085327
3.0	3.737333297729492
4.0	3.8631880283355713
2.0	2.044569969177246
4.0	3.5328619480133057
4.0	3.573629140853882
4.0	2.9126393795013428
3.0	2.648167133331299
3.0	3.1840505599975586
2.0	3.3744609355926514
4.0	3.565617799758911
3.0	3.653844118118286
3.0	2.1275856494903564
2.0	3.207871198654175
4.0	3.693171262741089
4.0	3.8252525329589844
3.0	3.7399470806121826
3.0	3.636353015899658
2.0	2.589625835418701
4.0	3.410261869430542
3.0	2.1596622467041016
4.0	3.8970696926116943
4.0	3.927018642425537
3.0	3.5757455825805664
3.0	2.873973846435547
4.0	3.524138927459717
3.0	2.520979881286621
3.0	2.6347758769989014
3.0	2.3226735591888428
4.0	3.5736727714538574
4.0	3.252831220626831
3.0	3.3059427738189697
3.0	3.638115882873535
4.0	3.5762505531311035
4.0	3.3686890602111816
3.0	3.644826650619507
2.0	2.237494945526123
3.0	3.319580554962158
3.0	3.212521553039551
3.0	3.6609373092651367
3.0	3.423248291015625
3.0	2.6152539253234863
2.0	2.4701712131500244
3.0	3.723231554031372
4.0	3.8405349254608154
2.0	2.565476894378662
4.0	3.4917538166046143
2.0	2.147280693054199
3.0	3.4643702507019043
3.0	3.0146358013153076
3.0	3.7528252601623535
4.0	2.913540840148926
2.0	2.2902960777282715
3.0	2.9359724521636963
3.0	3.5640552043914795
2.0	2.3506019115448
2.0	2.251016855239868
3.0	3.9867167472839355
3.0	3.030674695968628
2.0	2.386594295501709
3.0	3.820862293243408
