label	pred
4.0	3.3471732139587402
1.0	1.9788072109222412
2.0	2.7961812019348145
4.0	3.5469541549682617
3.0	3.4603238105773926
2.0	2.993983507156372
2.0	4.072843551635742
4.0	4.018406867980957
2.0	3.2119593620300293
3.0	3.2325689792633057
2.0	3.0638163089752197
3.0	3.137176275253296
4.0	3.6661267280578613
2.0	3.3316609859466553
1.0	1.619864583015442
3.0	3.3404622077941895
4.0	4.172998428344727
4.0	3.047571897506714
2.0	2.7064335346221924
3.0	3.178953170776367
3.0	2.957390308380127
2.0	3.2854182720184326
2.0	2.728787422180176
2.0	3.373492479324341
4.0	3.926807403564453
4.0	3.3065342903137207
2.0	2.553252935409546
0.0	1.4901803731918335
3.0	2.9809436798095703
3.0	3.037783622741699
4.0	3.3264474868774414
3.0	3.528576612472534
1.0	2.4665207862854004
3.0	3.2826786041259766
3.0	3.012371778488159
4.0	3.484910726547241
3.0	3.238456964492798
3.0	3.48594331741333
3.0	3.2832555770874023
2.0	3.5310187339782715
3.0	3.5070769786834717
4.0	3.2084877490997314
4.0	3.6871414184570312
4.0	3.6549715995788574
3.0	3.157546281814575
2.0	3.049046277999878
4.0	3.788168430328369
3.0	3.0165419578552246
4.0	3.3950083255767822
3.0	3.376539707183838
3.0	3.5554299354553223
2.0	2.718397378921509
3.0	3.276423215866089
2.0	2.9419727325439453
4.0	3.527918577194214
5.0	3.820242166519165
5.0	3.7206010818481445
1.0	2.133204698562622
2.0	2.780984401702881
3.0	3.5999393463134766
1.0	1.6761306524276733
2.0	2.693450689315796
3.0	3.4335172176361084
4.0	3.675257444381714
3.0	3.1299638748168945
2.0	2.961529493331909
2.0	2.9344985485076904
3.0	3.3492653369903564
2.0	2.8120670318603516
2.0	2.9195470809936523
4.0	3.5214531421661377
3.0	2.9845635890960693
2.0	3.0557854175567627
3.0	3.6565754413604736
3.0	3.331857204437256
3.0	3.3964452743530273
3.0	3.7039103507995605
3.0	3.0374867916107178
3.0	3.3523330688476562
1.0	2.0449562072753906
3.0	3.305136203765869
3.0	3.434595823287964
3.0	3.4227492809295654
3.0	3.233827590942383
3.0	3.287397861480713
3.0	3.4874329566955566
3.0	3.0386667251586914
2.0	2.055370807647705
1.0	1.1652268171310425
3.0	3.310894250869751
2.0	2.6495842933654785
4.0	3.963764190673828
3.0	3.02329683303833
2.0	3.1805508136749268
5.0	3.8032386302948
5.0	3.920849084854126
5.0	3.89164137840271
4.0	3.905479907989502
3.0	3.2615549564361572
5.0	3.836559295654297
3.0	3.310927391052246
4.0	3.388169050216675
3.0	3.494537115097046
3.0	3.234616279602051
3.0	3.0254859924316406
3.0	3.129580497741699
4.0	3.5826263427734375
2.0	2.5550317764282227
1.0	2.0063138008117676
2.0	2.183154344558716
3.0	3.168525218963623
3.0	3.3766722679138184
3.0	3.31642746925354
2.0	2.3989334106445312
1.0	2.598923921585083
2.0	3.087956666946411
3.0	3.1437437534332275
1.0	2.3229362964630127
1.0	1.848280668258667
3.0	3.370997905731201
2.0	2.966920852661133
3.0	4.027852535247803
2.0	3.2192952632904053
2.0	2.8602819442749023
3.0	3.1256256103515625
2.0	3.126770496368408
4.0	3.6829586029052734
2.0	2.8008971214294434
3.0	3.959022045135498
3.0	3.624831438064575
2.0	3.2765541076660156
3.0	3.289327621459961
2.0	2.7551820278167725
3.0	2.946099281311035
2.0	2.9303367137908936
4.0	3.001542091369629
4.0	3.6230499744415283
3.0	3.396120548248291
2.0	2.716557025909424
3.0	3.0043506622314453
1.0	2.126591205596924
3.0	3.5325918197631836
2.0	3.3626866340637207
3.0	3.5880541801452637
3.0	3.451240301132202
2.0	3.063138008117676
3.0	3.4341228008270264
5.0	3.8609960079193115
3.0	3.8355183601379395
3.0	3.4093894958496094
3.0	3.520291805267334
4.0	3.440469741821289
3.0	3.5812673568725586
2.0	3.088430404663086
3.0	3.655529737472534
3.0	3.586074113845825
3.0	3.4823429584503174
2.0	2.996042251586914
3.0	3.4138081073760986
3.0	3.310389995574951
3.0	3.3261630535125732
2.0	2.835385799407959
3.0	3.1726109981536865
3.0	3.4910728931427
2.0	3.6148841381073
3.0	3.4111621379852295
3.0	3.1558337211608887
3.0	4.152820587158203
2.0	2.832268476486206
1.0	1.2837156057357788
2.0	2.38851261138916
2.0	3.4290950298309326
4.0	4.011068820953369
3.0	3.584327459335327
3.0	3.1960248947143555
4.0	4.0596394538879395
2.0	2.538522243499756
3.0	2.891338348388672
3.0	3.1687729358673096
4.0	3.677457094192505
2.0	2.562575578689575
2.0	2.271467924118042
4.0	3.6682136058807373
3.0	3.387537956237793
3.0	3.6825883388519287
3.0	3.396164894104004
2.0	2.7326221466064453
2.0	3.052509069442749
3.0	3.7619850635528564
2.0	2.7814273834228516
3.0	3.0364015102386475
3.0	3.6517317295074463
3.0	3.150338888168335
4.0	4.035232067108154
4.0	3.970963716506958
4.0	3.5419225692749023
2.0	3.0679876804351807
4.0	3.7308743000030518
4.0	3.6592671871185303
2.0	1.9646743535995483
2.0	3.250382900238037
2.0	3.254854440689087
4.0	3.6257288455963135
4.0	3.9320361614227295
2.0	2.730717420578003
3.0	3.564862012863159
3.0	3.311906099319458
3.0	3.3305044174194336
3.0	3.083794593811035
3.0	3.0917115211486816
3.0	3.2839913368225098
5.0	3.703622341156006
3.0	3.2114272117614746
5.0	3.7322299480438232
2.0	2.559802770614624
3.0	3.288780450820923
4.0	3.382333993911743
3.0	3.2101895809173584
4.0	3.66140079498291
3.0	2.739792585372925
2.0	2.909593343734741
3.0	3.0718419551849365
4.0	3.808457136154175
3.0	3.173395872116089
4.0	3.6839284896850586
4.0	3.26570200920105
3.0	3.260657548904419
2.0	3.4225080013275146
3.0	3.609394073486328
2.0	3.1011791229248047
3.0	3.8418643474578857
2.0	2.551229238510132
3.0	3.6801233291625977
3.0	3.0917553901672363
5.0	3.836977481842041
4.0	3.6504244804382324
5.0	4.1527628898620605
2.0	2.4562861919403076
4.0	3.8006949424743652
4.0	3.5612070560455322
3.0	3.2275538444519043
5.0	3.929965019226074
3.0	3.661702871322632
4.0	4.103255748748779
2.0	2.2544124126434326
2.0	3.3150858879089355
3.0	3.3464159965515137
3.0	2.820018768310547
3.0	3.1990044116973877
3.0	3.188002109527588
4.0	4.074856758117676
2.0	3.250861644744873
2.0	2.2918241024017334
4.0	4.0155768394470215
2.0	2.653067111968994
3.0	3.414783000946045
3.0	3.191314220428467
4.0	3.903038501739502
4.0	3.7596261501312256
1.0	1.8857595920562744
2.0	3.049049139022827
4.0	3.582728862762451
2.0	2.7999134063720703
0.0	1.3330968618392944
3.0	3.763784408569336
4.0	3.8617048263549805
2.0	2.3524885177612305
1.0	1.2283611297607422
2.0	2.9744088649749756
4.0	3.7851414680480957
3.0	3.3956403732299805
4.0	4.227530479431152
2.0	2.0173239707946777
3.0	3.025545120239258
3.0	3.4342808723449707
4.0	3.5060484409332275
4.0	3.941762685775757
3.0	3.4460062980651855
2.0	3.0792036056518555
1.0	1.4042980670928955
3.0	3.772944688796997
1.0	2.367790937423706
3.0	3.7480309009552
4.0	3.8796024322509766
3.0	3.2923502922058105
4.0	3.832489013671875
2.0	2.3951761722564697
4.0	3.9519927501678467
5.0	3.8070592880249023
3.0	3.382636547088623
3.0	3.574810266494751
3.0	3.691183567047119
3.0	3.40901780128479
4.0	3.561105251312256
2.0	2.3747007846832275
4.0	3.9070770740509033
3.0	3.3369760513305664
2.0	3.330504894256592
3.0	3.4477903842926025
4.0	3.774444341659546
4.0	4.058349609375
4.0	3.45985746383667
2.0	2.12465238571167
4.0	3.9097187519073486
5.0	3.969496726989746
3.0	3.194615602493286
3.0	2.827632188796997
2.0	3.1114790439605713
3.0	3.4848504066467285
4.0	3.525893211364746
3.0	3.5057239532470703
2.0	2.854565382003784
3.0	3.3680427074432373
5.0	3.9268832206726074
4.0	3.7998554706573486
3.0	3.5136265754699707
3.0	3.3372762203216553
2.0	3.3456268310546875
4.0	3.292452573776245
2.0	2.820457935333252
5.0	3.8766236305236816
4.0	3.9127702713012695
4.0	3.521570920944214
3.0	3.148203134536743
3.0	3.4048497676849365
3.0	3.011758804321289
3.0	2.9142327308654785
3.0	3.0136971473693848
4.0	3.672722816467285
3.0	3.4258298873901367
3.0	3.4285035133361816
3.0	3.8262577056884766
5.0	4.170477390289307
4.0	4.030456066131592
4.0	3.672830820083618
2.0	2.9755663871765137
3.0	3.3711695671081543
3.0	3.622988700866699
4.0	3.9552719593048096
3.0	3.378110885620117
3.0	3.0913822650909424
2.0	2.8581862449645996
3.0	3.4199986457824707
4.0	3.3554842472076416
2.0	2.8506057262420654
4.0	3.503222703933716
2.0	2.4668307304382324
4.0	3.4129550457000732
3.0	3.00815749168396
3.0	3.581066608428955
3.0	3.282355308532715
2.0	2.5777297019958496
3.0	2.9265189170837402
4.0	4.075092315673828
2.0	2.58016037940979
2.0	2.6797091960906982
4.0	3.7874138355255127
3.0	2.91910719871521
2.0	2.8578553199768066
3.0	3.437565803527832
