label	pred
3.0	3.6354472637176514
1.0	2.2659924030303955
2.0	2.7647624015808105
3.0	3.6222193241119385
3.0	3.555382490158081
1.0	3.123379707336426
3.0	3.7372400760650635
3.0	3.3800082206726074
2.0	3.443992853164673
3.0	3.3821916580200195
3.0	3.1141867637634277
3.0	3.0347180366516113
3.0	3.7206194400787354
2.0	3.242124080657959
1.0	2.0002388954162598
3.0	3.4382104873657227
2.0	3.734668254852295
2.0	3.0337696075439453
2.0	2.4132375717163086
2.0	3.190060615539551
2.0	2.843946933746338
2.0	3.323261022567749
3.0	2.6384148597717285
2.0	3.4418883323669434
3.0	3.718627691268921
4.0	3.478087902069092
4.0	2.7677276134490967
1.0	1.6613242626190186
3.0	3.178212881088257
4.0	3.0618066787719727
4.0	3.2181594371795654
3.0	3.523028612136841
3.0	2.3433713912963867
4.0	3.4907610416412354
3.0	2.952237129211426
3.0	3.6599693298339844
4.0	3.645082473754883
3.0	3.523439645767212
2.0	3.2471542358398438
3.0	3.6173250675201416
3.0	3.543684482574463
3.0	3.3574881553649902
3.0	3.6146068572998047
4.0	3.5820834636688232
4.0	3.200746536254883
3.0	3.2890820503234863
4.0	3.610938549041748
3.0	3.288337230682373
3.0	3.545538902282715
4.0	3.2835474014282227
3.0	3.658846139907837
2.0	2.680398941040039
3.0	3.4049696922302246
3.0	2.7307345867156982
3.0	3.684404134750366
3.0	3.5991885662078857
3.0	3.7867791652679443
2.0	2.023895740509033
2.0	2.7288224697113037
3.0	3.4636030197143555
2.0	1.7459012269973755
2.0	2.7343451976776123
3.0	3.3601667881011963
4.0	3.6371467113494873
3.0	3.181222438812256
2.0	3.076388359069824
3.0	2.9866204261779785
3.0	3.448992967605591
2.0	2.8358733654022217
2.0	2.9872989654541016
3.0	3.3838400840759277
3.0	3.122375249862671
2.0	2.985875368118286
3.0	3.7441461086273193
3.0	3.243722677230835
3.0	3.5206708908081055
3.0	3.6799402236938477
3.0	3.263942003250122
3.0	3.4543824195861816
3.0	2.1374740600585938
3.0	3.4273719787597656
3.0	3.541581153869629
4.0	3.6334285736083984
3.0	3.2945547103881836
3.0	3.6159632205963135
4.0	3.4502475261688232
3.0	3.120999336242676
2.0	2.3438186645507812
1.0	1.6334669589996338
4.0	3.5232086181640625
3.0	2.7932920455932617
4.0	3.564537286758423
3.0	3.104290008544922
2.0	3.291743516921997
4.0	3.5210037231445312
5.0	3.6645333766937256
3.0	3.7408933639526367
4.0	3.7496089935302734
2.0	3.243220567703247
4.0	3.5534090995788574
3.0	3.503777265548706
3.0	3.411876678466797
3.0	3.483508348464966
3.0	3.500750780105591
3.0	3.2050697803497314
3.0	3.208407402038574
4.0	3.670309543609619
2.0	2.5952253341674805
1.0	2.0748414993286133
2.0	2.2677829265594482
3.0	3.149472951889038
3.0	3.2955169677734375
3.0	3.5801448822021484
1.0	2.3600034713745117
1.0	2.5581202507019043
2.0	3.1358706951141357
2.0	3.285236358642578
1.0	2.3919193744659424
2.0	2.027050495147705
2.0	3.7524476051330566
3.0	2.9702014923095703
3.0	3.6576404571533203
3.0	3.2233338356018066
2.0	2.744347333908081
3.0	3.052138090133667
3.0	3.145747184753418
3.0	3.7168662548065186
3.0	2.8387835025787354
4.0	3.648318290710449
3.0	3.8045880794525146
3.0	3.0961036682128906
3.0	3.570460319519043
3.0	2.8782894611358643
4.0	3.1042656898498535
3.0	3.1534273624420166
3.0	3.0827951431274414
3.0	3.680811882019043
3.0	3.5832791328430176
3.0	2.996375560760498
3.0	3.030092239379883
2.0	2.225123167037964
3.0	3.60284423828125
3.0	3.532780408859253
3.0	3.7337827682495117
3.0	3.4350180625915527
4.0	2.9870314598083496
4.0	3.4185338020324707
4.0	3.5469577312469482
3.0	3.6526200771331787
3.0	3.466522693634033
3.0	3.5067291259765625
4.0	3.6757311820983887
4.0	3.780601739883423
3.0	3.2589802742004395
3.0	3.3246850967407227
4.0	3.5242624282836914
4.0	3.339930772781372
3.0	2.969853401184082
4.0	3.5548651218414307
3.0	3.243891477584839
3.0	3.316969156265259
3.0	2.9624247550964355
4.0	3.544665813446045
3.0	3.713015556335449
3.0	3.653987407684326
3.0	3.638601541519165
4.0	3.3434977531433105
3.0	3.8501272201538086
2.0	2.820598602294922
2.0	1.841700792312622
3.0	2.516746759414673
3.0	3.4586124420166016
4.0	3.740656614303589
3.0	3.6231913566589355
4.0	3.3480801582336426
3.0	3.553032159805298
3.0	2.526993751525879
3.0	2.682262897491455
3.0	3.0910158157348633
4.0	3.6376779079437256
2.0	2.499476909637451
1.0	2.219682216644287
2.0	2.9915332794189453
3.0	3.4249024391174316
4.0	3.799619436264038
4.0	3.370173931121826
3.0	2.871377944946289
3.0	3.0944693088531494
4.0	3.674447774887085
3.0	2.779000997543335
4.0	3.1558423042297363
3.0	3.798630714416504
3.0	3.1838910579681396
5.0	3.764671802520752
5.0	3.7619431018829346
3.0	3.435181140899658
3.0	2.978668212890625
4.0	3.5953614711761475
3.0	3.546905755996704
1.0	2.1960573196411133
4.0	3.2115120887756348
4.0	3.490177869796753
3.0	3.596926212310791
3.0	3.645256757736206
2.0	2.57099986076355
3.0	3.495931386947632
3.0	3.2934207916259766
3.0	3.4166574478149414
2.0	3.022599220275879
3.0	3.12294340133667
3.0	3.415801525115967
4.0	3.614428997039795
3.0	3.1229543685913086
4.0	3.6780307292938232
3.0	2.613478183746338
3.0	3.373565912246704
3.0	3.5523250102996826
3.0	3.2658655643463135
3.0	3.4253368377685547
3.0	2.8993542194366455
2.0	2.8724007606506348
3.0	3.3101234436035156
4.0	3.4835071563720703
3.0	3.3781871795654297
4.0	3.601653814315796
4.0	3.5158517360687256
3.0	3.3907415866851807
3.0	3.1366851329803467
3.0	3.577456474304199
3.0	3.0773770809173584
4.0	3.748460531234741
3.0	2.4779369831085205
2.0	3.445934295654297
3.0	3.1715965270996094
3.0	3.686737060546875
3.0	3.589865207672119
3.0	3.5935683250427246
2.0	2.688615560531616
3.0	3.6214144229888916
4.0	3.7515132427215576
3.0	3.2161710262298584
4.0	3.7429943084716797
3.0	3.6429221630096436
3.0	3.6383793354034424
1.0	2.4686427116394043
3.0	3.256842851638794
3.0	3.435260772705078
3.0	2.9081003665924072
3.0	3.1667919158935547
3.0	3.4862701892852783
3.0	3.8318679332733154
2.0	3.462265968322754
3.0	2.370605707168579
3.0	3.3046133518218994
2.0	2.690932273864746
3.0	3.504452705383301
3.0	3.1079704761505127
4.0	3.5795605182647705
2.0	3.67144775390625
2.0	1.8598419427871704
3.0	3.0375638008117676
4.0	3.507153034210205
2.0	2.944051504135132
1.0	1.4766881465911865
4.0	3.5940823554992676
4.0	3.673499584197998
2.0	2.2209417819976807
0.0	1.5190706253051758
2.0	2.908101797103882
2.0	3.5583138465881348
2.0	3.451720952987671
3.0	3.6056272983551025
2.0	2.1895854473114014
3.0	3.0173280239105225
3.0	3.421241283416748
3.0	3.5707831382751465
4.0	3.6500051021575928
3.0	3.7316489219665527
3.0	2.7770049571990967
1.0	1.5604082345962524
3.0	3.5032432079315186
2.0	2.1780707836151123
3.0	3.5743002891540527
3.0	3.7012839317321777
3.0	3.234513759613037
4.0	3.5957164764404297
3.0	2.4739532470703125
4.0	3.5961804389953613
4.0	3.500319004058838
2.0	3.3655805587768555
2.0	3.6208934783935547
3.0	3.6924288272857666
3.0	3.400956392288208
3.0	3.5263450145721436
1.0	2.3309617042541504
3.0	3.6682865619659424
3.0	3.4144275188446045
2.0	3.4414284229278564
3.0	3.2821803092956543
4.0	3.5383992195129395
3.0	3.6974425315856934
4.0	3.672065019607544
2.0	2.418445587158203
4.0	3.5639986991882324
4.0	3.645565986633301
4.0	3.273359775543213
3.0	2.760606288909912
3.0	3.178023338317871
2.0	3.526060104370117
4.0	3.532311201095581
3.0	3.529740810394287
3.0	2.7802035808563232
2.0	3.281522035598755
4.0	3.6762783527374268
4.0	3.7164480686187744
3.0	3.6829237937927246
3.0	3.5912423133850098
2.0	3.1158549785614014
4.0	3.40212082862854
3.0	2.575190782546997
4.0	3.7847774028778076
4.0	3.7367751598358154
3.0	3.6203439235687256
3.0	2.9767603874206543
4.0	3.5803065299987793
3.0	3.0292930603027344
3.0	3.0972394943237305
3.0	2.931241035461426
4.0	3.5720155239105225
4.0	3.3945744037628174
3.0	3.485912561416626
3.0	3.6128921508789062
4.0	3.780949831008911
4.0	3.4287333488464355
3.0	3.662417411804199
2.0	2.7405402660369873
3.0	3.3461687564849854
3.0	3.5873141288757324
3.0	3.7284719944000244
3.0	3.3723888397216797
3.0	3.048825979232788
2.0	2.8394086360931396
3.0	3.5132503509521484
4.0	3.480020761489868
2.0	2.6565840244293213
4.0	3.57023549079895
2.0	2.3224494457244873
3.0	3.5566389560699463
3.0	3.1958465576171875
3.0	3.6983299255371094
4.0	3.029676675796509
2.0	2.344083786010742
3.0	3.10556697845459
3.0	3.6236984729766846
2.0	2.865511894226074
2.0	2.731255531311035
3.0	3.6763815879821777
3.0	3.227327585220337
2.0	2.7532577514648438
3.0	3.7552292346954346
