label	pred
4.0	4.792151927947998
5.0	5.699398040771484
5.0	5.747785568237305
4.0	4.942727565765381
3.0	3.7553086280822754
3.0	4.228281021118164
1.0	1.889039158821106
3.0	4.273772239685059
3.0	4.203583240509033
2.0	3.0223264694213867
3.0	4.113447189331055
3.0	4.200149059295654
4.0	4.850610733032227
2.0	2.960062026977539
1.0	2.125781774520874
4.0	5.01176643371582
3.0	4.182125568389893
4.0	5.006699085235596
3.0	3.978212356567383
2.0	3.064924716949463
1.0	2.256124496459961
3.0	4.2413105964660645
2.0	3.2923402786254883
3.0	3.907012701034546
3.0	3.9917569160461426
3.0	3.9372215270996094
3.0	4.32571268081665
3.0	4.235274791717529
3.0	4.134814262390137
4.0	4.704113006591797
4.0	4.716053009033203
3.0	4.325386047363281
2.0	3.0660440921783447
3.0	3.9453372955322266
3.0	3.7427613735198975
3.0	3.9178314208984375
0.0	0.5639846324920654
4.0	4.862673759460449
3.0	4.259913444519043
4.0	4.693595886230469
4.0	4.774913787841797
4.0	4.779404640197754
4.0	4.73178768157959
4.0	5.115368843078613
4.0	4.891296863555908
4.0	4.700732707977295
1.0	1.3676105737686157
3.0	4.029627799987793
2.0	2.4843311309814453
3.0	3.649109363555908
3.0	3.7258453369140625
4.0	4.686778545379639
3.0	3.7275593280792236
3.0	3.5365395545959473
3.0	3.5118632316589355
3.0	3.650603771209717
2.0	2.6484036445617676
2.0	2.2213423252105713
3.0	3.8082022666931152
3.0	3.5308940410614014
2.0	2.4763290882110596
3.0	3.534207820892334
4.0	4.821556568145752
3.0	3.414797306060791
1.0	1.3155301809310913
3.0	3.50429630279541
3.0	3.2761926651000977
3.0	3.4012393951416016
3.0	3.378312587738037
3.0	3.354490041732788
3.0	3.6221303939819336
3.0	3.3165974617004395
3.0	3.384371757507324
3.0	3.368569850921631
3.0	3.4393815994262695
4.0	4.525181293487549
3.0	3.359999179840088
3.0	3.4828600883483887
3.0	3.2446959018707275
4.0	4.211876392364502
4.0	4.580533504486084
4.0	4.479506492614746
2.0	2.1700258255004883
3.0	3.214766502380371
3.0	3.2365305423736572
4.0	4.160887718200684
2.0	2.201387882232666
3.0	3.1193137168884277
3.0	3.373795986175537
1.0	0.893319845199585
4.0	4.676776885986328
1.0	0.6932283639907837
3.0	3.1688461303710938
3.0	3.289447546005249
3.0	3.112277030944824
2.0	1.6562601327896118
4.0	4.466119766235352
3.0	3.133507490158081
3.0	3.3907878398895264
3.0	2.8084423542022705
3.0	3.107635021209717
3.0	3.0150485038757324
3.0	3.099785089492798
3.0	3.386669635772705
3.0	3.1746318340301514
4.0	4.467944145202637
3.0	2.9318108558654785
2.0	1.781965970993042
3.0	3.4422755241394043
4.0	4.328873157501221
4.0	4.353983402252197
4.0	4.2793288230896
4.0	4.195323944091797
3.0	3.1788251399993896
4.0	4.378696441650391
4.0	4.183172225952148
4.0	4.410795211791992
4.0	4.246023654937744
3.0	2.937617540359497
4.0	4.27810525894165
4.0	4.556670188903809
4.0	4.372090816497803
4.0	4.0667524337768555
4.0	3.8780956268310547
5.0	4.955779075622559
5.0	5.279078483581543
3.0	2.7646677494049072
4.0	4.162506580352783
4.0	4.1939496994018555
1.0	0.57441246509552
3.0	2.9499690532684326
4.0	4.121179580688477
2.0	1.7812856435775757
3.0	2.6970763206481934
3.0	2.886634349822998
4.0	4.51242733001709
3.0	3.042372226715088
2.0	1.8084659576416016
3.0	2.7306392192840576
3.0	2.9126169681549072
3.0	3.117356777191162
4.0	3.98341965675354
0.0	0.07047383487224579
2.0	1.351117730140686
4.0	4.148163795471191
3.0	3.599905014038086
4.0	4.280712127685547
3.0	3.091233253479004
3.0	3.154872417449951
4.0	4.051823139190674
4.0	4.438676834106445
3.0	3.013186454772949
3.0	2.7480082511901855
4.0	4.087825775146484
1.0	0.4265061318874359
3.0	2.826521396636963
4.0	4.141624450683594
4.0	4.332533359527588
4.0	4.637098789215088
5.0	5.452188968658447
3.0	3.07016658782959
4.0	4.367258071899414
1.0	0.5622631311416626
3.0	3.0617918968200684
3.0	3.100498914718628
4.0	4.426766395568848
3.0	3.165156364440918
3.0	3.242199659347534
3.0	3.3441162109375
2.0	1.939527153968811
4.0	4.362418174743652
3.0	3.024177312850952
1.0	0.42814260721206665
4.0	4.359058856964111
3.0	3.081500768661499
3.0	3.2428579330444336
4.0	4.342215538024902
3.0	2.8027572631835938
2.0	2.1065094470977783
3.0	3.1712772846221924
2.0	1.8452988862991333
2.0	1.895816683769226
3.0	3.3314895629882812
4.0	4.499134063720703
3.0	3.5766186714172363
2.0	2.4657139778137207
3.0	3.265314817428589
2.0	1.9284472465515137
3.0	2.856172561645508
2.0	1.9613449573516846
2.0	1.9576612710952759
2.0	2.089566946029663
1.0	0.7797588109970093
2.0	1.9066778421401978
3.0	3.528700351715088
4.0	4.520195960998535
3.0	3.4579107761383057
2.0	1.9186224937438965
3.0	3.2752256393432617
3.0	3.338498115539551
2.0	1.8450840711593628
2.0	2.072145938873291
3.0	3.4058737754821777
3.0	3.4278206825256348
1.0	0.795903742313385
3.0	3.395874500274658
3.0	3.418994903564453
2.0	2.3783769607543945
3.0	3.0678014755249023
3.0	3.1664795875549316
2.0	2.120664358139038
3.0	3.4416399002075195
2.0	2.7524662017822266
2.0	2.088675022125244
4.0	4.579017162322998
3.0	3.7323360443115234
4.0	4.836334705352783
3.0	3.709782361984253
2.0	2.2396178245544434
2.0	2.157991886138916
2.0	2.2886171340942383
3.0	3.5746166706085205
2.0	1.9162331819534302
1.0	1.2299822568893433
2.0	2.2245988845825195
2.0	2.0989487171173096
3.0	3.5945305824279785
2.0	2.379271984100342
2.0	2.223705768585205
2.0	2.187476396560669
3.0	3.813760757446289
3.0	3.5493037700653076
1.0	1.580668568611145
1.0	1.5973410606384277
2.0	2.013826847076416
1.0	1.6235138177871704
2.0	2.43776798248291
3.0	3.7168867588043213
2.0	1.9610494375228882
1.0	0.9915748834609985
0.0	0.6755784749984741
2.0	2.3301029205322266
2.0	2.762812614440918
3.0	3.865861415863037
2.0	2.3079593181610107
4.0	4.938503265380859
2.0	2.380286931991577
1.0	1.7558115720748901
2.0	2.304859161376953
3.0	3.76826548576355
3.0	3.81782603263855
4.0	4.820461750030518
2.0	3.0771448612213135
3.0	3.947964668273926
1.0	1.484007477760315
1.0	1.6129087209701538
2.0	2.6690292358398438
2.0	2.3264999389648438
3.0	4.036021709442139
4.0	5.0580973625183105
3.0	3.7815699577331543
3.0	3.785860061645508
3.0	3.7760140895843506
2.0	2.457584857940674
3.0	3.8903214931488037
1.0	1.2541921138763428
4.0	4.970818996429443
4.0	4.760905742645264
4.0	4.907608509063721
3.0	3.7864460945129395
3.0	4.121383190155029
4.0	4.89139986038208
3.0	3.7000300884246826
3.0	4.1133575439453125
2.0	2.4475209712982178
2.0	2.5066370964050293
3.0	3.750857353210449
4.0	4.824202060699463
2.0	2.7553956508636475
3.0	3.6613211631774902
4.0	5.167975902557373
3.0	3.8209524154663086
4.0	4.911074161529541
2.0	2.3196356296539307
3.0	3.807675838470459
3.0	3.6637721061706543
3.0	3.4263439178466797
4.0	4.933180809020996
3.0	3.6884405612945557
3.0	3.942903995513916
3.0	3.5923657417297363
3.0	3.864847183227539
2.0	2.8050386905670166
3.0	3.9874279499053955
2.0	2.633375883102417
2.0	2.70395565032959
2.0	2.439587116241455
3.0	3.691960334777832
1.0	1.3230030536651611
1.0	1.5244272947311401
4.0	4.766401290893555
5.0	5.626064300537109
4.0	4.920492649078369
3.0	3.989866018295288
3.0	3.887068271636963
3.0	3.6697840690612793
3.0	3.4524929523468018
3.0	3.789640188217163
4.0	5.228599548339844
3.0	3.674515962600708
3.0	3.493922710418701
3.0	3.5889055728912354
1.0	1.7837361097335815
2.0	2.0348644256591797
3.0	3.455915689468384
3.0	3.6915786266326904
2.0	2.0671019554138184
1.0	0.9659405946731567
2.0	2.586508274078369
1.0	1.719927430152893
3.0	3.3670759201049805
3.0	3.4840450286865234
3.0	3.5009286403656006
2.0	2.6359848976135254
4.0	5.032187461853027
4.0	4.822093486785889
1.0	1.2570949792861938
3.0	3.4774527549743652
3.0	3.476271152496338
3.0	3.2841796875
3.0	3.683971881866455
3.0	3.7107338905334473
0.0	0.17679867148399353
4.0	4.876232147216797
3.0	4.0666913986206055
5.0	5.6593427658081055
4.0	4.956694602966309
3.0	3.653289318084717
3.0	3.5549798011779785
3.0	3.453033685684204
4.0	4.823307037353516
3.0	3.530449390411377
3.0	3.560142993927002
2.0	2.197075843811035
3.0	3.891557455062866
2.0	2.4104127883911133
3.0	3.7169129848480225
4.0	4.76508092880249
4.0	5.0086445808410645
3.0	3.5160183906555176
4.0	4.59092378616333
4.0	4.834346771240234
3.0	3.8004097938537598
3.0	3.761554002761841
2.0	1.8708525896072388
2.0	2.4065470695495605
3.0	3.8320605754852295
1.0	0.8461901545524597
3.0	3.6722981929779053
4.0	4.955611228942871
