label	pred
4.0	3.984127998352051
1.0	1.4775233268737793
3.0	3.0211613178253174
3.0	3.181964159011841
2.0	2.562741994857788
3.0	3.1726160049438477
2.0	2.7010700702667236
3.0	3.068937301635742
2.0	2.7223336696624756
3.0	3.10649037361145
3.0	3.0700602531433105
3.0	2.735015630722046
2.0	2.6356465816497803
2.0	2.4866244792938232
3.0	2.8619518280029297
4.0	4.0512776374816895
1.0	1.681544542312622
2.0	2.4788095951080322
3.0	3.0354645252227783
3.0	3.273660898208618
4.0	4.366008758544922
4.0	3.5432281494140625
2.0	2.3629870414733887
2.0	2.5117204189300537
4.0	3.8480722904205322
4.0	4.034590721130371
2.0	2.5097575187683105
2.0	2.5136685371398926
2.0	2.6334006786346436
2.0	2.424582004547119
3.0	3.3250067234039307
2.0	2.549431324005127
2.0	2.4891865253448486
2.0	2.5595815181732178
3.0	2.977102518081665
2.0	2.611668825149536
1.0	2.251955986022949
3.0	3.2351291179656982
4.0	4.012870788574219
3.0	2.9456534385681152
2.0	2.3848214149475098
2.0	2.510580539703369
4.0	3.6279799938201904
1.0	1.8578252792358398
3.0	3.2125332355499268
2.0	2.5113773345947266
2.0	2.6020607948303223
1.0	2.058800220489502
4.0	3.891479015350342
2.0	2.6860463619232178
3.0	3.077890157699585
2.0	2.4059159755706787
2.0	2.5136239528656006
5.0	4.787461757659912
3.0	3.427067518234253
2.0	2.4844412803649902
4.0	3.955862045288086
4.0	3.7114932537078857
4.0	3.823629140853882
3.0	3.4036593437194824
2.0	2.6863818168640137
2.0	2.920476198196411
3.0	3.103259325027466
4.0	3.8751556873321533
2.0	3.2303719520568848
5.0	4.392544746398926
4.0	4.499629974365234
4.0	3.7197024822235107
1.0	2.3629326820373535
2.0	2.809007406234741
4.0	4.075694561004639
2.0	2.942523717880249
3.0	3.345954656600952
3.0	3.3327770233154297
2.0	2.7220888137817383
2.0	2.66239857673645
3.0	3.2321982383728027
3.0	3.641422748565674
3.0	3.3691329956054688
3.0	3.319181203842163
2.0	2.707456111907959
2.0	3.1729557514190674
3.0	3.5191080570220947
3.0	3.248154640197754
3.0	4.063390254974365
2.0	3.365039825439453
4.0	4.0612897872924805
2.0	2.869356632232666
2.0	2.8421080112457275
3.0	4.2583746910095215
3.0	3.090599298477173
3.0	3.45361590385437
2.0	2.885854721069336
4.0	4.327788352966309
2.0	2.854663372039795
4.0	4.010842323303223
3.0	2.9976067543029785
3.0	3.1689932346343994
3.0	3.113417863845825
4.0	3.904223918914795
3.0	3.5080931186676025
2.0	3.157320022583008
3.0	2.813987970352173
1.0	2.81402325630188
2.0	2.9501030445098877
4.0	4.133073329925537
1.0	1.8071752786636353
4.0	4.107076644897461
2.0	2.6526925563812256
3.0	3.9264190196990967
2.0	2.8488924503326416
4.0	4.066705703735352
2.0	2.6198980808258057
3.0	3.0951950550079346
3.0	3.4213619232177734
3.0	3.706723928451538
2.0	2.4004552364349365
3.0	2.775630235671997
3.0	3.248476982116699
2.0	2.991668701171875
3.0	3.6308434009552
4.0	4.118067264556885
3.0	2.9450137615203857
2.0	2.7258996963500977
3.0	3.4095373153686523
2.0	2.6332783699035645
3.0	3.116936683654785
2.0	2.492666482925415
4.0	3.7687625885009766
4.0	3.960230827331543
2.0	2.6820199489593506
3.0	3.2906908988952637
3.0	3.064338445663452
3.0	3.424759864807129
3.0	2.9835362434387207
4.0	3.703629970550537
3.0	2.7337963581085205
3.0	3.26192045211792
4.0	3.80647611618042
2.0	2.3801229000091553
2.0	2.8083486557006836
3.0	2.8730335235595703
4.0	4.070985317230225
3.0	3.690390110015869
3.0	3.249251127243042
3.0	3.0471768379211426
3.0	3.0841052532196045
1.0	1.3338438272476196
3.0	2.9528627395629883
4.0	3.396178722381592
3.0	3.0223519802093506
1.0	1.8188139200210571
2.0	2.806306838989258
2.0	2.563558340072632
2.0	2.2412805557250977
2.0	2.9275965690612793
2.0	2.571267604827881
2.0	2.4749984741210938
4.0	3.6767923831939697
3.0	3.0750811100006104
4.0	3.818629026412964
3.0	3.0591375827789307
2.0	2.0261430740356445
3.0	3.0695531368255615
3.0	3.2650153636932373
3.0	3.265800952911377
3.0	3.0452468395233154
3.0	3.0372774600982666
2.0	2.446843385696411
2.0	2.386671304702759
4.0	3.675034284591675
4.0	3.667578935623169
2.0	2.753368854522705
3.0	3.111159086227417
2.0	2.124171733856201
5.0	4.7786641120910645
2.0	2.4293060302734375
4.0	4.392111301422119
4.0	4.289253234863281
3.0	3.253793239593506
2.0	2.622715473175049
1.0	1.4540421962738037
1.0	2.277195453643799
4.0	3.917609214782715
1.0	2.201280355453491
1.0	1.359499454498291
3.0	3.1583361625671387
4.0	3.8878540992736816
4.0	4.3326239585876465
3.0	3.3392035961151123
4.0	4.561134338378906
4.0	4.48354959487915
2.0	2.737628698348999
2.0	3.394141435623169
4.0	4.274360656738281
2.0	2.8902416229248047
3.0	2.9752304553985596
3.0	3.8486599922180176
4.0	4.1695990562438965
3.0	3.387653350830078
3.0	3.259434938430786
3.0	3.312009572982788
3.0	3.4280452728271484
2.0	3.3039071559906006
3.0	3.169671058654785
0.0	1.2344352006912231
3.0	3.640231132507324
2.0	2.672783851623535
3.0	3.215628147125244
3.0	3.717735528945923
3.0	3.094409942626953
2.0	2.3624320030212402
3.0	3.462846279144287
3.0	3.3213300704956055
3.0	3.1264090538024902
2.0	2.823782205581665
2.0	2.563258171081543
3.0	3.427412986755371
3.0	3.0283281803131104
2.0	2.742044448852539
3.0	3.710578203201294
3.0	3.733798027038574
4.0	4.476917743682861
1.0	1.9246546030044556
3.0	3.119643211364746
4.0	4.391422748565674
3.0	3.4108588695526123
4.0	3.951869487762451
3.0	3.194714307785034
3.0	3.229518175125122
3.0	3.253056764602661
2.0	2.589101791381836
4.0	4.278520584106445
3.0	3.3598878383636475
4.0	4.1156439781188965
2.0	2.4399752616882324
4.0	4.343307018280029
3.0	3.2208762168884277
2.0	2.7087085247039795
3.0	3.36781907081604
3.0	3.178938388824463
3.0	3.322693109512329
3.0	3.0911917686462402
3.0	3.8227474689483643
3.0	3.503037691116333
3.0	3.1438958644866943
3.0	2.9661219120025635
3.0	3.133847713470459
2.0	3.323845624923706
3.0	3.2259883880615234
2.0	2.490661382675171
3.0	2.9544637203216553
2.0	2.5668013095855713
4.0	3.81193208694458
1.0	1.967566728591919
2.0	2.5956764221191406
3.0	3.4612672328948975
3.0	3.2202253341674805
4.0	4.294489860534668
2.0	2.5550522804260254
3.0	3.046429395675659
3.0	3.1333656311035156
3.0	3.4156172275543213
3.0	3.0543503761291504
3.0	2.978255271911621
3.0	3.023953914642334
1.0	2.119854211807251
3.0	2.9999754428863525
1.0	2.176783561706543
2.0	2.446504592895508
3.0	3.122284412384033
3.0	3.217071056365967
2.0	2.4460394382476807
4.0	4.305200576782227
3.0	3.037506580352783
2.0	2.613975763320923
0.0	0.8954423666000366
1.0	1.9272764921188354
2.0	2.5513553619384766
3.0	3.0495123863220215
2.0	2.54761004447937
2.0	2.531453847885132
2.0	2.7431294918060303
3.0	3.192063808441162
2.0	2.3650364875793457
3.0	3.4463136196136475
3.0	3.537501573562622
2.0	2.6371688842773438
3.0	3.5039610862731934
2.0	2.7129406929016113
2.0	2.6080381870269775
2.0	2.690463066101074
3.0	2.9779574871063232
2.0	2.476911783218384
2.0	2.7542312145233154
3.0	3.2876319885253906
2.0	2.6204280853271484
2.0	3.393846035003662
3.0	3.2466516494750977
1.0	2.498230457305908
2.0	2.776326894760132
3.0	3.2475082874298096
2.0	2.719221830368042
3.0	3.295024871826172
2.0	2.6554510593414307
2.0	2.5215771198272705
1.0	2.0538740158081055
3.0	3.5507771968841553
2.0	2.7506256103515625
2.0	2.658032178878784
0.0	1.2425802946090698
0.0	1.2441542148590088
3.0	3.607508897781372
2.0	3.041208267211914
2.0	2.763366222381592
2.0	3.20281982421875
3.0	4.126613616943359
3.0	4.157662391662598
3.0	3.5768134593963623
2.0	2.8877336978912354
3.0	3.612348794937134
2.0	2.765634536743164
2.0	3.1033105850219727
2.0	2.7569384574890137
4.0	4.4697346687316895
2.0	3.2047557830810547
1.0	1.7760857343673706
2.0	2.969604730606079
3.0	4.243566513061523
1.0	2.577058792114258
3.0	4.268134593963623
3.0	3.72564697265625
2.0	2.934795618057251
2.0	3.4457170963287354
2.0	2.90809965133667
3.0	4.221756935119629
1.0	3.039682149887085
2.0	2.9767627716064453
3.0	3.7908101081848145
2.0	2.9065842628479004
3.0	3.8890109062194824
3.0	3.7474734783172607
3.0	4.022117614746094
3.0	3.6662795543670654
3.0	4.036877155303955
2.0	3.0402588844299316
4.0	4.792964458465576
2.0	3.155402898788452
3.0	4.3899335861206055
2.0	3.326577663421631
2.0	3.360555648803711
3.0	3.7666168212890625
3.0	4.384982585906982
2.0	3.102860450744629
3.0	4.061911582946777
3.0	4.284366130828857
2.0	2.9590301513671875
3.0	3.7457847595214844
3.0	4.186470031738281
3.0	3.464508056640625
