label	pred
4.0	3.768601894378662
1.0	2.009509801864624
2.0	2.6748361587524414
4.0	3.8244054317474365
3.0	3.685303211212158
2.0	3.2511422634124756
2.0	3.9807348251342773
4.0	3.86030912399292
2.0	3.283301591873169
3.0	3.4793436527252197
2.0	3.273587465286255
3.0	3.154660224914551
4.0	3.8328349590301514
2.0	3.3619635105133057
1.0	1.8212145566940308
3.0	3.353924036026001
4.0	3.9107418060302734
4.0	3.197197914123535
2.0	2.5086846351623535
3.0	3.31339168548584
3.0	2.969346523284912
2.0	3.235766649246216
2.0	2.696654796600342
2.0	3.6316285133361816
4.0	3.807121992111206
4.0	3.5530827045440674
2.0	2.6615662574768066
0.0	1.6216590404510498
3.0	3.2036850452423096
3.0	3.1524550914764404
4.0	3.476179599761963
3.0	3.4853856563568115
1.0	2.357795000076294
3.0	3.6255247592926025
3.0	3.1810054779052734
4.0	3.776428699493408
3.0	3.4992008209228516
3.0	3.756483554840088
3.0	3.251906633377075
2.0	3.6104190349578857
3.0	3.7234816551208496
4.0	3.3146305084228516
4.0	3.7999420166015625
4.0	3.7856509685516357
3.0	3.4330570697784424
2.0	3.118866443634033
4.0	3.8734755516052246
3.0	3.2811896800994873
4.0	3.5930233001708984
3.0	3.392951726913452
3.0	3.8494582176208496
2.0	2.8401873111724854
3.0	3.564155340194702
2.0	2.8963046073913574
4.0	3.7927098274230957
5.0	3.7889511585235596
5.0	3.7807867527008057
1.0	2.069288492202759
2.0	2.871819019317627
3.0	3.8022289276123047
1.0	1.718667984008789
2.0	2.77186918258667
3.0	3.6630618572235107
4.0	3.686011791229248
3.0	3.1859548091888428
2.0	3.124730348587036
2.0	2.886145830154419
3.0	3.624113082885742
2.0	2.792252779006958
2.0	3.2077088356018066
4.0	3.7373476028442383
3.0	3.23124623298645
2.0	3.096775770187378
3.0	3.928034782409668
3.0	3.6062679290771484
3.0	3.557971715927124
3.0	3.7808122634887695
3.0	3.2912580966949463
3.0	3.4457921981811523
1.0	2.0489654541015625
3.0	3.466029405593872
3.0	3.429001808166504
3.0	3.5353214740753174
3.0	3.297646999359131
3.0	3.534137487411499
3.0	3.619793653488159
3.0	3.1525919437408447
2.0	2.129324436187744
1.0	1.264473795890808
3.0	3.8227181434631348
2.0	2.6441516876220703
4.0	3.8066251277923584
3.0	3.115983486175537
2.0	3.35660457611084
5.0	3.8781325817108154
5.0	3.8945634365081787
5.0	3.8845033645629883
4.0	3.9422430992126465
3.0	3.295372247695923
5.0	3.660508632659912
3.0	3.6296069622039795
4.0	3.6058082580566406
3.0	3.8048856258392334
3.0	3.4831507205963135
3.0	3.188089370727539
3.0	3.267997980117798
4.0	3.907639741897583
2.0	2.500985622406006
1.0	2.037529945373535
2.0	2.286426067352295
3.0	3.1832432746887207
3.0	3.4449424743652344
3.0	3.5788111686706543
2.0	2.4309751987457275
1.0	2.580688714981079
2.0	3.0311267375946045
3.0	3.3551833629608154
1.0	2.2684326171875
1.0	2.1941158771514893
3.0	3.6602630615234375
2.0	2.8099474906921387
3.0	3.9698190689086914
2.0	3.256618022918701
2.0	2.8423688411712646
3.0	3.1526012420654297
2.0	3.280402898788452
4.0	3.9246246814727783
2.0	2.760625123977661
3.0	3.91174054145813
3.0	3.809701442718506
2.0	3.0880112648010254
3.0	3.721585273742676
2.0	2.7631492614746094
3.0	3.2749674320220947
2.0	3.0038139820098877
4.0	3.096130609512329
4.0	3.8284714221954346
3.0	3.553889274597168
2.0	2.9411699771881104
3.0	3.2167632579803467
1.0	2.1425490379333496
3.0	3.8345487117767334
2.0	3.651292562484741
3.0	3.8101537227630615
3.0	3.66987943649292
2.0	2.9679970741271973
3.0	3.5070831775665283
5.0	3.9233310222625732
3.0	3.979360342025757
3.0	3.666378974914551
3.0	3.7111549377441406
4.0	3.697293996810913
3.0	3.9573721885681152
2.0	3.2106263637542725
3.0	3.5802745819091797
3.0	3.608858585357666
3.0	3.7129576206207275
2.0	3.1611428260803223
3.0	3.6802074909210205
3.0	3.3969945907592773
3.0	3.4745030403137207
2.0	3.1018528938293457
3.0	3.6146316528320312
3.0	3.7281734943389893
2.0	3.7715487480163574
3.0	3.5619208812713623
3.0	3.227871894836426
3.0	3.9311423301696777
2.0	2.757606029510498
1.0	1.6837562322616577
2.0	2.476051092147827
2.0	3.656400442123413
4.0	3.9417219161987305
3.0	3.6682920455932617
3.0	3.23514986038208
4.0	3.8517942428588867
2.0	2.4547066688537598
3.0	2.7643754482269287
3.0	3.0861010551452637
4.0	3.786705493927002
2.0	2.4291090965270996
2.0	2.3109042644500732
4.0	3.6259796619415283
3.0	3.5332233905792236
3.0	3.750537395477295
3.0	3.552402973175049
2.0	2.7999472618103027
2.0	3.0566349029541016
3.0	3.8806748390197754
2.0	2.7376630306243896
3.0	3.1707468032836914
3.0	3.6925911903381348
3.0	3.340956449508667
4.0	3.970499038696289
4.0	3.960684299468994
4.0	3.8159070014953613
2.0	3.1419644355773926
4.0	3.7646725177764893
4.0	3.7648520469665527
2.0	2.144887685775757
2.0	3.338578939437866
2.0	3.3527188301086426
4.0	3.842930793762207
4.0	3.938101291656494
2.0	2.6059794425964355
3.0	3.5950074195861816
3.0	3.537161350250244
3.0	3.3799357414245605
3.0	3.098052978515625
3.0	3.122559070587158
3.0	3.4861323833465576
5.0	3.852141857147217
3.0	3.268671989440918
5.0	3.792987585067749
2.0	2.6782217025756836
3.0	3.404447555541992
4.0	3.4885458946228027
3.0	3.4819393157958984
4.0	3.850471019744873
3.0	2.7967026233673096
2.0	2.947089910507202
3.0	3.268010377883911
4.0	3.887345552444458
3.0	3.5011723041534424
4.0	3.7737345695495605
4.0	3.6259939670562744
3.0	3.5463452339172363
2.0	3.4249203205108643
3.0	3.7576966285705566
2.0	3.1977758407592773
3.0	3.9141101837158203
2.0	2.565659999847412
3.0	3.7976136207580566
3.0	3.2168946266174316
5.0	3.8918263912200928
4.0	3.82432222366333
5.0	4.0593085289001465
2.0	2.419285297393799
4.0	3.8707685470581055
4.0	3.8726913928985596
3.0	3.3029370307922363
5.0	3.948064088821411
3.0	3.7313852310180664
4.0	3.883208990097046
2.0	2.3339202404022217
2.0	3.424358367919922
3.0	3.5841450691223145
3.0	2.9101200103759766
3.0	3.3547072410583496
3.0	3.5764033794403076
4.0	3.970181465148926
2.0	3.4298322200775146
2.0	2.1740033626556396
4.0	3.814171075820923
2.0	2.5866036415100098
3.0	3.577064037322998
3.0	3.3015522956848145
4.0	3.784890651702881
4.0	3.9334964752197266
1.0	1.8029944896697998
2.0	3.094834089279175
4.0	3.7420477867126465
2.0	2.852696180343628
0.0	1.1249992847442627
3.0	3.8387880325317383
4.0	3.8483548164367676
2.0	2.268606424331665
1.0	1.3678988218307495
2.0	3.0482981204986572
4.0	3.6869401931762695
3.0	3.6091108322143555
4.0	3.935742139816284
2.0	2.1261706352233887
3.0	3.0549798011779785
3.0	3.647247076034546
4.0	3.71506667137146
4.0	3.958994150161743
3.0	3.690615177154541
2.0	2.956927537918091
1.0	1.68772554397583
3.0	3.8499932289123535
1.0	2.2150230407714844
3.0	3.805016040802002
4.0	3.866565704345703
3.0	3.3776865005493164
4.0	3.832028388977051
2.0	2.291221857070923
4.0	3.9764928817749023
5.0	3.9206418991088867
3.0	3.5613861083984375
3.0	3.651111602783203
3.0	3.825526714324951
3.0	3.564676284790039
4.0	3.8179779052734375
2.0	2.265071153640747
4.0	3.860520362854004
3.0	3.4997899532318115
2.0	3.500046730041504
3.0	3.8043296337127686
4.0	3.8738954067230225
4.0	3.9842705726623535
4.0	3.8592822551727295
2.0	2.0980019569396973
4.0	3.853459358215332
5.0	3.846466064453125
3.0	3.4247424602508545
3.0	2.9552931785583496
2.0	3.199233293533325
3.0	3.7061378955841064
4.0	3.7666232585906982
3.0	3.6280288696289062
2.0	2.975116014480591
3.0	3.520690441131592
5.0	3.853376626968384
4.0	3.8029985427856445
3.0	3.640833854675293
3.0	3.4610543251037598
2.0	3.173729419708252
4.0	3.482802391052246
2.0	2.8126800060272217
5.0	3.8873958587646484
4.0	3.9189858436584473
4.0	3.7380897998809814
3.0	3.2096409797668457
3.0	3.6914992332458496
3.0	3.121199131011963
3.0	3.0855681896209717
3.0	3.2132320404052734
4.0	3.812333106994629
3.0	3.541203498840332
3.0	3.773930549621582
3.0	3.877474069595337
5.0	4.029897689819336
4.0	3.857046365737915
4.0	3.9086337089538574
2.0	3.0172483921051025
3.0	3.518956422805786
3.0	3.8029165267944336
4.0	3.9603917598724365
3.0	3.570756435394287
3.0	3.097630023956299
2.0	2.918165922164917
3.0	3.5826377868652344
4.0	3.7523512840270996
2.0	2.8337583541870117
4.0	3.7486965656280518
2.0	2.3815274238586426
4.0	3.7508881092071533
3.0	3.1637866497039795
3.0	3.670924186706543
3.0	3.358205556869507
2.0	2.3540797233581543
3.0	3.3071603775024414
4.0	3.99692702293396
2.0	2.662714958190918
2.0	2.7394258975982666
4.0	3.755862236022949
3.0	3.0638067722320557
2.0	2.766706943511963
3.0	3.728870391845703
