label	pred
3.0	2.434619903564453
2.0	2.547436475753784
2.0	1.7652989625930786
4.0	3.4651925563812256
2.0	3.0069212913513184
3.0	3.410439968109131
3.0	3.214060068130493
3.0	3.3659281730651855
4.0	3.6118948459625244
2.0	3.738272190093994
2.0	4.1962385177612305
3.0	3.639542579650879
3.0	2.9062857627868652
4.0	2.8608596324920654
3.0	3.001354694366455
2.0	3.992310047149658
2.0	2.7915191650390625
4.0	3.258762836456299
4.0	3.526059627532959
4.0	3.3373537063598633
3.0	3.4808669090270996
4.0	3.064649820327759
2.0	2.1256091594696045
3.0	2.6269335746765137
3.0	3.596595048904419
3.0	2.6753814220428467
3.0	3.2928566932678223
3.0	3.388909339904785
2.0	3.7547643184661865
2.0	2.229523181915283
3.0	2.5002636909484863
3.0	3.575892210006714
4.0	4.437380313873291
2.0	3.205796003341675
3.0	4.170620918273926
3.0	3.401318073272705
3.0	3.7947444915771484
4.0	3.3356144428253174
2.0	2.4565277099609375
3.0	2.6715879440307617
3.0	2.4737164974212646
3.0	2.514192581176758
2.0	2.0938546657562256
4.0	2.9856765270233154
4.0	3.5030477046966553
3.0	3.5100786685943604
2.0	2.297409772872925
4.0	3.6659693717956543
2.0	2.464463472366333
3.0	3.746314525604248
3.0	3.537137031555176
3.0	3.2950470447540283
2.0	2.8732290267944336
4.0	3.1721606254577637
4.0	3.403120517730713
3.0	2.9338576793670654
4.0	3.712855815887451
2.0	1.9354439973831177
2.0	2.6032612323760986
1.0	1.8717020750045776
3.0	3.225586414337158
3.0	4.454949855804443
3.0	3.482041358947754
5.0	3.5066587924957275
3.0	3.2955915927886963
3.0	2.4038033485412598
3.0	2.5533053874969482
3.0	3.537997007369995
3.0	2.0834667682647705
3.0	2.227839469909668
3.0	4.227534294128418
1.0	3.23030686378479
3.0	3.3943796157836914
3.0	3.6540486812591553
4.0	4.399477481842041
4.0	2.725019693374634
3.0	3.994821071624756
1.0	0.6907510757446289
3.0	3.953677177429199
3.0	2.8535211086273193
3.0	3.301337242126465
3.0	4.053494930267334
3.0	3.277629852294922
3.0	3.4679758548736572
4.0	4.007805824279785
3.0	2.466989517211914
4.0	4.235969543457031
3.0	3.342167377471924
3.0	4.308862209320068
3.0	3.344672441482544
2.0	3.3446285724639893
2.0	2.563504695892334
3.0	4.134261131286621
4.0	3.9148309230804443
3.0	3.5110597610473633
2.0	1.8944969177246094
3.0	3.7009127140045166
3.0	3.411818742752075
3.0	2.9446823596954346
1.0	2.6035242080688477
4.0	3.260053873062134
2.0	2.7218966484069824
4.0	3.402883768081665
3.0	3.1811482906341553
4.0	3.5102992057800293
2.0	1.9716668128967285
5.0	3.4519577026367188
3.0	3.9625608921051025
3.0	3.178852081298828
2.0	3.646587610244751
3.0	3.8740785121917725
2.0	2.4414923191070557
4.0	2.7108633518218994
2.0	2.977233648300171
3.0	3.512040138244629
2.0	3.104368209838867
2.0	2.785581111907959
5.0	3.2424800395965576
3.0	3.362032890319824
4.0	3.55491042137146
3.0	2.2319273948669434
3.0	3.4415969848632812
3.0	2.6415395736694336
4.0	3.664257764816284
2.0	3.9337143898010254
2.0	3.7205286026000977
3.0	3.5768301486968994
4.0	3.4864532947540283
2.0	2.37286114692688
3.0	3.202416181564331
3.0	3.4808409214019775
3.0	3.384411573410034
5.0	4.164029598236084
3.0	3.535764694213867
3.0	3.543670892715454
4.0	3.7629010677337646
5.0	3.5726912021636963
1.0	0.6335210204124451
4.0	3.420621871948242
2.0	2.735372304916382
2.0	2.4608731269836426
3.0	3.4076077938079834
2.0	4.010268211364746
3.0	2.956873655319214
4.0	3.298098564147949
3.0	2.3009157180786133
2.0	2.5193679332733154
4.0	4.261743068695068
3.0	3.2352097034454346
2.0	1.9331450462341309
4.0	4.149674415588379
3.0	3.1613245010375977
2.0	2.4014508724212646
1.0	2.304748296737671
3.0	3.660505771636963
3.0	3.7531566619873047
2.0	2.863199472427368
3.0	3.586850643157959
3.0	3.5105457305908203
2.0	1.7025336027145386
3.0	3.725987434387207
2.0	3.115217924118042
3.0	3.8824403285980225
3.0	2.5814802646636963
3.0	2.4743103981018066
2.0	2.6408441066741943
3.0	2.081902027130127
1.0	1.9807687997817993
1.0	1.821195125579834
3.0	4.15248441696167
3.0	3.9752724170684814
2.0	2.7708652019500732
3.0	2.512077569961548
3.0	3.8826379776000977
3.0	3.479785919189453
2.0	2.156442880630493
3.0	3.422736406326294
4.0	4.636340618133545
4.0	3.5210886001586914
3.0	2.8409743309020996
4.0	4.066736698150635
3.0	3.207603693008423
2.0	3.495230197906494
1.0	2.184199810028076
2.0	2.9516563415527344
2.0	2.0255064964294434
3.0	2.974045515060425
1.0	1.302767276763916
2.0	1.5710128545761108
3.0	4.163213729858398
3.0	3.0173583030700684
2.0	3.8599090576171875
2.0	2.24238920211792
4.0	3.8455309867858887
3.0	3.822242498397827
3.0	3.063101053237915
3.0	3.738894462585449
3.0	2.2151217460632324
3.0	4.011598110198975
1.0	1.7614237070083618
2.0	2.2305474281311035
3.0	3.377394914627075
4.0	3.500527858734131
3.0	3.595574378967285
2.0	2.3454556465148926
4.0	3.110063314437866
2.0	2.938882350921631
4.0	2.8467295169830322
2.0	2.370250940322876
2.0	3.3426990509033203
5.0	3.9231839179992676
3.0	3.034440517425537
3.0	2.541181802749634
5.0	3.504977226257324
4.0	3.3823821544647217
4.0	3.0943796634674072
3.0	3.7708702087402344
2.0	3.658060073852539
3.0	3.0518076419830322
4.0	4.3338189125061035
4.0	3.431899070739746
2.0	2.0433788299560547
1.0	0.4036030173301697
3.0	2.482586145401001
3.0	3.3002755641937256
3.0	2.756751298904419
1.0	2.2833127975463867
5.0	3.1939001083374023
5.0	4.019797325134277
4.0	3.8288700580596924
2.0	2.825326442718506
2.0	2.3031017780303955
2.0	2.3779921531677246
5.0	4.042352199554443
2.0	3.8668289184570312
3.0	3.454098701477051
4.0	3.6780612468719482
4.0	2.800720453262329
3.0	2.8004372119903564
2.0	2.2134923934936523
2.0	2.7713990211486816
3.0	2.3392956256866455
3.0	3.7408313751220703
4.0	3.5719566345214844
3.0	3.02695894241333
2.0	2.3071656227111816
3.0	3.5978176593780518
3.0	3.6414577960968018
1.0	2.2120766639709473
4.0	3.191201686859131
4.0	3.6441664695739746
3.0	3.2688956260681152
5.0	4.012164115905762
3.0	2.9474921226501465
4.0	3.5101616382598877
3.0	3.175272226333618
3.0	2.476834774017334
3.0	3.428715705871582
2.0	2.1661391258239746
3.0	3.228574275970459
3.0	3.3197314739227295
3.0	3.1201791763305664
4.0	3.971662759780884
4.0	3.190511703491211
2.0	2.4740066528320312
3.0	4.480845928192139
3.0	3.346449136734009
5.0	3.60029935836792
2.0	2.15606427192688
4.0	4.670437335968018
2.0	2.6384329795837402
3.0	4.078042984008789
3.0	3.4556145668029785
3.0	3.1124320030212402
3.0	3.7379391193389893
3.0	3.3372600078582764
3.0	3.5896408557891846
2.0	3.8178646564483643
3.0	3.685591220855713
3.0	3.3043935298919678
2.0	3.093623399734497
2.0	3.245316982269287
4.0	3.224388599395752
1.0	2.249389410018921
3.0	3.5959312915802
3.0	2.978793144226074
4.0	3.183704376220703
3.0	2.5930328369140625
2.0	2.7674310207366943
2.0	3.9944519996643066
4.0	4.2449798583984375
3.0	3.770313024520874
3.0	2.49507999420166
3.0	3.440131902694702
4.0	3.204404592514038
3.0	3.4808297157287598
3.0	2.5390825271606445
4.0	3.940460443496704
2.0	3.592651844024658
4.0	4.293307304382324
4.0	3.504319667816162
4.0	4.470968723297119
3.0	2.14113450050354
2.0	2.321624517440796
1.0	2.1710729598999023
2.0	2.5370724201202393
3.0	3.9039974212646484
3.0	4.190624237060547
3.0	2.2111425399780273
2.0	3.640183210372925
3.0	3.5461933612823486
3.0	3.5233113765716553
4.0	3.8052375316619873
3.0	4.094766616821289
3.0	3.6202993392944336
4.0	3.030601978302002
2.0	3.9248969554901123
3.0	3.5043275356292725
4.0	3.23250675201416
3.0	3.212587356567383
3.0	3.1062076091766357
3.0	3.9790191650390625
3.0	3.486677408218384
2.0	2.95001220703125
3.0	2.95277738571167
3.0	3.005527973175049
4.0	3.63076114654541
4.0	3.3681225776672363
4.0	3.479360342025757
3.0	3.485715627670288
3.0	2.5087575912475586
3.0	3.89908504486084
3.0	3.0589473247528076
4.0	3.9120216369628906
1.0	2.1662168502807617
1.0	0.6069969534873962
3.0	3.7316129207611084
3.0	2.293592929840088
3.0	3.3719770908355713
3.0	3.0108134746551514
3.0	3.1179914474487305
3.0	3.729409694671631
3.0	3.298027753829956
3.0	3.3031349182128906
3.0	3.6566267013549805
4.0	3.324284791946411
1.0	1.8118858337402344
4.0	2.849372386932373
3.0	3.00254225730896
3.0	3.9253737926483154
3.0	3.2549140453338623
3.0	3.0675559043884277
3.0	3.7616355419158936
4.0	3.2992122173309326
3.0	2.5412020683288574
3.0	3.967798948287964
3.0	2.6815547943115234
3.0	3.6236698627471924
3.0	2.6882383823394775
4.0	2.9127938747406006
