label,pred
3.0,2.6470947265625
2.0,2.4182026386260986
2.0,1.1878269910812378
4.0,3.3672280311584473
2.0,3.0906362533569336
3.0,2.722079277038574
3.0,2.94769287109375
3.0,3.0205578804016113
4.0,3.257587432861328
2.0,2.8127808570861816
2.0,3.0869011878967285
3.0,3.4657227993011475
3.0,2.578361749649048
4.0,2.8624064922332764
3.0,2.582185745239258
2.0,3.249229907989502
2.0,2.146427869796753
4.0,4.3448381423950195
4.0,2.675767660140991
4.0,3.193791389465332
3.0,2.898585081100464
4.0,3.562695026397705
2.0,2.4025535583496094
3.0,2.664400339126587
3.0,2.558450698852539
3.0,2.56929612159729
3.0,2.949883222579956
3.0,3.7553768157958984
2.0,3.3011679649353027
2.0,2.3228063583374023
3.0,3.033311367034912
3.0,3.379518747329712
4.0,4.106740474700928
2.0,3.049808979034424
3.0,3.6231467723846436
3.0,3.063915252685547
3.0,3.0392801761627197
4.0,3.559929370880127
2.0,2.2705166339874268
3.0,2.437913179397583
3.0,2.6474826335906982
3.0,2.265634536743164
2.0,2.0466556549072266
4.0,3.781723737716675
4.0,3.763298749923706
3.0,3.115988254547119
2.0,2.101928949356079
4.0,2.6576790809631348
2.0,2.933398485183716
3.0,4.017529010772705
3.0,3.285937547683716
3.0,3.1607303619384766
2.0,2.834643602371216
4.0,3.9167933464050293
4.0,2.7372896671295166
3.0,2.588695526123047
4.0,4.220814228057861
2.0,1.5203436613082886
2.0,2.22666072845459
1.0,1.8055040836334229
3.0,4.118026256561279
3.0,4.2091593742370605
3.0,3.670696973800659
5.0,3.850379228591919
3.0,3.2440428733825684
3.0,2.3554604053497314
3.0,3.075483798980713
3.0,3.099799633026123
3.0,3.314800262451172
3.0,3.031261682510376
3.0,3.645494222640991
1.0,3.2002668380737305
3.0,3.376622200012207
3.0,3.432595729827881
4.0,4.13651704788208
4.0,2.70047664642334
3.0,3.3875882625579834
1.0,0.9149460196495056
3.0,3.0618038177490234
3.0,2.543210983276367
3.0,3.779773712158203
3.0,3.1383566856384277
3.0,4.0668110847473145
3.0,2.93729567527771
4.0,4.183027267456055
3.0,2.625319719314575
4.0,3.1596386432647705
3.0,2.838751792907715
3.0,3.1383097171783447
3.0,3.486361265182495
2.0,2.3950846195220947
2.0,2.393399477005005
3.0,4.132574558258057
4.0,3.4094393253326416
3.0,2.8333959579467773
2.0,1.8363986015319824
3.0,3.76340913772583
3.0,2.8348889350891113
3.0,2.8792316913604736
1.0,1.7952011823654175
4.0,4.050453186035156
2.0,2.6928398609161377
4.0,4.011070728302002
3.0,3.191890001296997
4.0,4.261641025543213
2.0,2.2879323959350586
5.0,3.879235029220581
3.0,2.9375967979431152
3.0,3.0551021099090576
2.0,3.2241649627685547
3.0,2.9122767448425293
2.0,2.089827537536621
4.0,2.422606945037842
2.0,2.5500710010528564
3.0,3.3268930912017822
2.0,3.4008026123046875
2.0,2.956928014755249
5.0,4.05860710144043
3.0,3.157270908355713
4.0,4.302551746368408
3.0,2.4160401821136475
3.0,2.980041742324829
3.0,2.2429358959198
4.0,4.2302165031433105
2.0,3.413776397705078
2.0,3.3478405475616455
3.0,3.9252591133117676
4.0,4.041419982910156
2.0,2.3450400829315186
3.0,3.842190742492676
3.0,2.654583215713501
3.0,4.258850574493408
5.0,4.202929973602295
3.0,4.046332836151123
3.0,3.5690338611602783
4.0,3.928508758544922
5.0,3.401435136795044
1.0,0.47168052196502686
4.0,3.979166269302368
2.0,2.527556896209717
2.0,2.9245734214782715
3.0,2.9537551403045654
2.0,3.126774787902832
3.0,2.434797525405884
4.0,2.956033706665039
3.0,2.286350965499878
2.0,1.9891955852508545
4.0,2.8039636611938477
3.0,3.818406105041504
2.0,1.5740861892700195
4.0,3.658905267715454
3.0,3.7011966705322266
2.0,2.2903568744659424
1.0,2.315922975540161
3.0,3.1173572540283203
3.0,4.261451721191406
2.0,2.8448805809020996
3.0,3.217505693435669
3.0,3.702881097793579
2.0,1.0000320672988892
3.0,2.6806998252868652
2.0,2.6646180152893066
3.0,3.369198799133301
3.0,2.6804819107055664
3.0,3.1855273246765137
2.0,2.773530960083008
3.0,2.380527973175049
1.0,1.7894933223724365
1.0,2.416243553161621
3.0,3.167828321456909
3.0,3.006678819656372
2.0,2.9546427726745605
3.0,2.8921937942504883
3.0,3.846285104751587
3.0,2.9226930141448975
2.0,2.129800319671631
3.0,3.848504066467285
4.0,3.8419268131256104
4.0,4.508480072021484
3.0,2.937981605529785
4.0,3.2223103046417236
3.0,3.3239803314208984
2.0,4.185556888580322
1.0,2.226801633834839
2.0,2.50937557220459
2.0,2.1468257904052734
3.0,3.844888210296631
1.0,1.3506971597671509
2.0,1.5511635541915894
3.0,2.9437339305877686
3.0,3.3264827728271484
2.0,3.3218860626220703
2.0,1.7234110832214355
4.0,3.167041301727295
3.0,2.732045888900757
3.0,3.0940988063812256
3.0,3.16660475730896
3.0,2.6057116985321045
3.0,4.0729079246521
1.0,1.2020299434661865
2.0,2.796961784362793
3.0,3.885390043258667
4.0,3.941852569580078
3.0,2.9506893157958984
2.0,1.899227261543274
4.0,4.330609321594238
2.0,2.6304562091827393
4.0,2.825324535369873
2.0,1.2050918340682983
2.0,2.831075429916382
5.0,3.903319835662842
3.0,3.3598976135253906
3.0,2.791818380355835
5.0,4.093046188354492
4.0,3.910248041152954
4.0,4.125415325164795
3.0,3.182309150695801
2.0,2.755751848220825
3.0,2.7505879402160645
4.0,4.078760623931885
4.0,3.811666488647461
2.0,2.3103113174438477
1.0,0.5899452567100525
3.0,2.821812152862549
3.0,2.8182263374328613
3.0,2.533994197845459
1.0,1.246073842048645
5.0,3.642735004425049
5.0,4.413646697998047
4.0,3.8329455852508545
2.0,2.6254098415374756
2.0,1.87336003780365
2.0,2.911860942840576
5.0,3.777055263519287
2.0,2.679842472076416
3.0,3.2179386615753174
4.0,4.03521728515625
4.0,2.7753183841705322
3.0,2.416315793991089
2.0,1.6893320083618164
2.0,2.6389541625976562
3.0,2.632307529449463
3.0,3.317761182785034
4.0,2.9730746746063232
3.0,2.627162456512451
2.0,2.465521812438965
3.0,3.1604483127593994
3.0,2.8327407836914062
1.0,1.6690635681152344
4.0,4.103983402252197
4.0,3.949037551879883
3.0,3.16560435295105
5.0,3.9512832164764404
3.0,3.235990047454834
4.0,3.8829028606414795
3.0,2.66475772857666
3.0,2.7506263256073
3.0,3.0761704444885254
2.0,2.3979856967926025
3.0,3.441831588745117
3.0,2.6765782833099365
3.0,2.737075090408325
4.0,3.407402992248535
4.0,3.696744918823242
2.0,2.8186168670654297
3.0,3.20625638961792
3.0,3.124814987182617
5.0,3.6891908645629883
2.0,2.345022201538086
4.0,3.8022563457489014
2.0,2.784029722213745
3.0,2.8085250854492188
3.0,3.169711112976074
3.0,2.8679261207580566
3.0,2.818744421005249
3.0,2.841376781463623
3.0,2.9371442794799805
2.0,2.7203593254089355
3.0,3.7207000255584717
3.0,2.441134214401245
2.0,2.830240249633789
2.0,3.314183473587036
4.0,4.043345928192139
1.0,1.476062297821045
3.0,2.8291618824005127
3.0,3.6277520656585693
4.0,3.0140700340270996
3.0,2.683236598968506
2.0,2.137092113494873
2.0,3.807854175567627
4.0,4.53281831741333
3.0,3.7296745777130127
3.0,3.0398120880126953
3.0,3.252728223800659
4.0,3.321617364883423
3.0,2.784346342086792
3.0,2.9439539909362793
4.0,3.5555083751678467
2.0,2.522709608078003
4.0,3.669079065322876
4.0,3.221336603164673
4.0,4.004943370819092
3.0,3.0754189491271973
2.0,2.3658957481384277
1.0,1.212145209312439
2.0,2.3579533100128174
3.0,3.0301547050476074
3.0,3.2386133670806885
3.0,2.4662652015686035
2.0,2.9930760860443115
3.0,2.729621648788452
3.0,2.4603636264801025
4.0,3.922502279281616
3.0,3.40252947807312
3.0,2.709764003753662
4.0,2.753183126449585
2.0,3.9546523094177246
3.0,3.232804775238037
4.0,3.2825682163238525
3.0,2.7156310081481934
3.0,2.9555153846740723
3.0,2.866696357727051
3.0,3.387556552886963
2.0,2.84138560295105
3.0,1.6135343313217163
3.0,2.7300562858581543
4.0,3.6742353439331055
4.0,4.055580139160156
4.0,4.255424499511719
3.0,4.115481853485107
3.0,2.613306760787964
3.0,2.7771971225738525
3.0,2.836092472076416
4.0,2.901447057723999
1.0,2.2522084712982178
1.0,0.693825364112854
3.0,3.16184663772583
3.0,2.7764861583709717
3.0,3.183708906173706
3.0,2.647495746612549
3.0,3.0463738441467285
3.0,2.983642339706421
3.0,2.902306079864502
3.0,2.8019955158233643
3.0,2.749429702758789
4.0,3.0114264488220215
1.0,1.9306647777557373
4.0,4.051828384399414
3.0,2.1770362854003906
3.0,3.100419044494629
3.0,3.7689054012298584
3.0,2.7152676582336426
3.0,3.331817388534546
4.0,3.766249656677246
3.0,2.4327139854431152
3.0,3.481245994567871
3.0,4.061388969421387
3.0,2.8936166763305664
3.0,3.002998113632202
4.0,4.215925693511963
