label	pred
4.0	4.1211419105529785
1.0	2.6273226737976074
3.0	3.2874836921691895
4.0	4.128842353820801
3.0	3.9957275390625
2.0	3.6395606994628906
3.0	4.331564903259277
3.0	4.018247604370117
3.0	3.8503899574279785
3.0	4.032699108123779
3.0	3.607893943786621
3.0	3.50116229057312
4.0	4.231744766235352
3.0	3.648503541946411
2.0	2.309084892272949
3.0	3.973750114440918
2.0	4.176605224609375
2.0	3.474790334701538
2.0	2.8462390899658203
2.0	3.529456853866577
2.0	3.235820770263672
2.0	3.9750237464904785
3.0	3.174924850463867
2.0	3.8991544246673584
3.0	4.227579116821289
4.0	3.8903145790100098
4.0	3.0248029232025146
0.0	1.9711686372756958
3.0	3.6330418586730957
4.0	3.3411030769348145
4.0	3.66977858543396
3.0	3.982752561569214
1.0	2.859549045562744
4.0	4.029755115509033
4.0	3.3431074619293213
4.0	3.995642900466919
4.0	3.901346206665039
3.0	4.0812788009643555
3.0	3.6284658908843994
3.0	4.084731101989746
3.0	4.053796768188477
3.0	3.727867603302002
3.0	4.227132797241211
3.0	4.192086219787598
3.0	3.7052783966064453
4.0	3.692891836166382
4.0	4.102614402770996
3.0	3.457045793533325
3.0	3.719078302383423
3.0	3.7320523262023926
3.0	4.26169490814209
3.0	3.213587999343872
3.0	3.860135316848755
3.0	3.4048118591308594
4.0	3.9988110065460205
3.0	4.304265022277832
4.0	4.07434606552124
2.0	2.536160469055176
2.0	3.3084709644317627
3.0	3.95454740524292
2.0	2.3234686851501465
2.0	3.151416301727295
3.0	4.03803014755249
4.0	4.123530387878418
3.0	3.532128095626831
2.0	3.5166399478912354
3.0	3.307101249694824
3.0	3.9215712547302246
2.0	3.137845993041992
3.0	3.6762170791625977
3.0	4.0788116455078125
3.0	3.6200201511383057
2.0	3.3860232830047607
3.0	4.120521068572998
3.0	3.9227964878082275
3.0	4.004570960998535
3.0	4.086791038513184
3.0	3.675469160079956
3.0	3.663705348968506
3.0	2.6158876419067383
3.0	3.8806710243225098
3.0	3.983250379562378
4.0	3.925163984298706
2.0	3.6290318965911865
3.0	3.9931223392486572
3.0	4.173700332641602
3.0	3.621854066848755
2.0	2.8874409198760986
1.0	1.7358874082565308
4.0	4.0847086906433105
3.0	3.0292303562164307
4.0	4.30875301361084
3.0	3.5811164379119873
2.0	3.740115165710449
4.0	3.9219956398010254
5.0	4.2239990234375
4.0	4.106990814208984
4.0	4.221103191375732
3.0	3.5527215003967285
3.0	4.182514667510986
3.0	3.963083267211914
2.0	3.966580867767334
3.0	4.168642044067383
2.0	3.888549566268921
2.0	3.6704509258270264
3.0	3.50361704826355
4.0	4.173566818237305
2.0	2.90871524810791
1.0	2.575761318206787
1.0	2.803440809249878
3.0	3.4769785404205322
3.0	3.7215733528137207
3.0	4.002954959869385
1.0	2.71456241607666
1.0	2.704892158508301
1.0	3.4995532035827637
3.0	3.859325408935547
1.0	2.7223122119903564
1.0	2.527880907058716
3.0	3.896942615509033
2.0	3.358860492706299
3.0	4.254428863525391
2.0	3.7175841331481934
2.0	3.335249185562134
3.0	3.4478654861450195
2.0	3.547173023223877
4.0	4.337191104888916
2.0	3.045835018157959
4.0	4.172766208648682
3.0	4.107731819152832
2.0	3.3838891983032227
3.0	4.137136936187744
2.0	3.2704949378967285
3.0	3.576195478439331
2.0	3.3289809226989746
3.0	3.432054281234741
4.0	4.040410995483398
3.0	3.8084936141967773
3.0	3.352599859237671
2.0	3.461151599884033
1.0	2.7269859313964844
4.0	4.160511493682861
3.0	3.9560091495513916
3.0	4.085941314697266
3.0	4.017117977142334
2.0	3.502856969833374
3.0	3.8562939167022705
4.0	4.269050598144531
4.0	4.315914630889893
3.0	3.841001510620117
3.0	4.017099857330322
5.0	4.018689155578613
3.0	4.267946243286133
2.0	3.4524784088134766
3.0	3.857161283493042
3.0	3.8658711910247803
3.0	4.072268962860107
2.0	3.3847780227661133
3.0	4.017474174499512
3.0	3.673471450805664
3.0	3.7927277088165283
2.0	3.3564393520355225
3.0	4.019778728485107
3.0	4.054521083831787
3.0	4.1103363037109375
3.0	4.054389476776123
3.0	3.9115917682647705
4.0	4.34314489364624
2.0	3.1459617614746094
1.0	2.1190619468688965
2.0	2.996553421020508
3.0	3.984193801879883
4.0	4.217797756195068
2.0	4.109493255615234
3.0	3.8061444759368896
4.0	4.295829772949219
2.0	2.8568222522735596
2.0	3.0676398277282715
3.0	3.6450819969177246
4.0	4.261900901794434
3.0	2.8701171875
2.0	2.786961793899536
3.0	3.8353757858276367
3.0	3.9291670322418213
3.0	4.175583839416504
3.0	3.852231502532959
2.0	3.1323626041412354
2.0	3.6199734210968018
4.0	4.361339569091797
2.0	3.1537044048309326
3.0	3.271300792694092
3.0	4.220288276672363
3.0	3.6972098350524902
3.0	4.287928581237793
4.0	4.213002681732178
4.0	4.174566268920898
2.0	3.436103105545044
3.0	4.033130645751953
4.0	4.11572790145874
2.0	2.5590107440948486
3.0	3.7457141876220703
3.0	3.899580717086792
4.0	4.251171112060547
5.0	4.159831523895264
2.0	3.1370630264282227
3.0	4.064736843109131
3.0	3.929072141647339
4.0	3.796205520629883
2.0	3.492624282836914
3.0	3.4392013549804688
4.0	3.867223024368286
5.0	4.314350128173828
4.0	3.739816427230835
4.0	4.187575340270996
3.0	3.0568697452545166
3.0	3.894425868988037
3.0	3.933115005493164
4.0	3.854214906692505
3.0	4.125370979309082
3.0	3.258043050765991
2.0	3.2556231021881104
3.0	3.659106492996216
4.0	3.9214859008789062
3.0	3.900463104248047
4.0	4.100696086883545
4.0	3.8986148834228516
3.0	3.96872615814209
3.0	3.685436487197876
4.0	4.136045932769775
3.0	3.542253017425537
3.0	4.276626110076904
3.0	2.941006660461426
3.0	4.146032810211182
4.0	3.51885986328125
4.0	4.253748893737793
3.0	4.09877347946167
4.0	4.3446245193481445
3.0	2.9955177307128906
3.0	4.284761905670166
4.0	4.326451778411865
3.0	3.7472281455993652
4.0	4.262660503387451
3.0	4.021588325500488
3.0	4.207204341888428
2.0	2.804241180419922
3.0	3.7593843936920166
4.0	3.9672608375549316
4.0	3.4123694896698
4.0	3.953615427017212
3.0	4.107405185699463
4.0	4.154001712799072
2.0	4.001790523529053
2.0	2.7431554794311523
3.0	4.205000400543213
3.0	3.0489296913146973
3.0	3.965113401412964
3.0	3.649545192718506
4.0	4.108670711517334
4.0	4.188220024108887
1.0	2.053468704223633
3.0	3.4657857418060303
4.0	4.016507148742676
2.0	3.4017837047576904
1.0	1.9299625158309937
4.0	4.109516143798828
4.0	4.103695869445801
2.0	2.5694658756256104
1.0	1.7526848316192627
2.0	3.294529676437378
3.0	4.0098724365234375
3.0	3.7675130367279053
3.0	4.141881942749023
2.0	2.5519652366638184
3.0	3.3704257011413574
3.0	3.9468994140625
3.0	4.031429290771484
4.0	4.3715500831604
3.0	4.048488616943359
3.0	3.372772216796875
1.0	1.9780209064483643
3.0	4.204433441162109
2.0	2.4126203060150146
3.0	4.181541442871094
4.0	4.215489864349365
3.0	3.7595677375793457
4.0	4.079593658447266
4.0	2.801220655441284
4.0	4.416881084442139
4.0	4.2071919441223145
3.0	3.943166494369507
3.0	3.9541563987731934
4.0	4.012325286865234
3.0	4.036691665649414
3.0	4.266514301300049
2.0	2.619811534881592
4.0	4.229526042938232
3.0	3.909142255783081
2.0	4.002647876739502
3.0	4.104449272155762
4.0	4.0847392082214355
3.0	4.319056510925293
3.0	4.183892726898193
2.0	2.6038031578063965
3.0	4.305468559265137
4.0	4.30943489074707
4.0	3.8849737644195557
3.0	3.3726632595062256
3.0	3.5222761631011963
2.0	4.244038105010986
3.0	3.9715659618377686
3.0	3.9654927253723145
4.0	3.264209747314453
2.0	3.741084337234497
5.0	4.234933376312256
4.0	4.305215358734131
2.0	4.040574550628662
3.0	3.912548303604126
2.0	3.543886661529541
3.0	3.780301094055176
3.0	3.0580952167510986
4.0	4.287166118621826
4.0	4.279634952545166
4.0	4.0255537033081055
3.0	3.4908053874969482
3.0	4.018763065338135
2.0	3.572490930557251
3.0	3.3493690490722656
3.0	3.4614899158477783
3.0	4.029855728149414
4.0	3.838578224182129
3.0	4.067021369934082
3.0	4.065105438232422
3.0	4.221710681915283
4.0	4.235301971435547
3.0	4.139030933380127
2.0	3.2707314491271973
3.0	3.963350772857666
3.0	3.9871225357055664
4.0	4.190767288208008
3.0	3.9810569286346436
2.0	3.5117318630218506
2.0	3.2403035163879395
3.0	4.003444671630859
4.0	4.1187238693237305
2.0	3.254401206970215
4.0	4.052918434143066
2.0	2.6378579139709473
4.0	4.164012908935547
3.0	3.543267250061035
3.0	4.0236029624938965
4.0	3.6719932556152344
2.0	2.818904161453247
2.0	3.5428335666656494
3.0	4.232849597930908
2.0	3.2759175300598145
2.0	3.1826019287109375
3.0	4.314348220825195
3.0	3.618298053741455
2.0	3.1885757446289062
3.0	4.228881359100342
