label	pred
3.0	2.302835702896118
2.0	2.460007667541504
2.0	1.667320966720581
4.0	3.3498129844665527
2.0	2.7032856941223145
3.0	3.08583402633667
3.0	3.2670302391052246
3.0	2.9090099334716797
4.0	3.0158534049987793
2.0	2.8830740451812744
2.0	3.0567526817321777
3.0	3.1700680255889893
3.0	3.186436176300049
4.0	2.7158024311065674
3.0	2.615513801574707
2.0	3.0818443298339844
2.0	2.0503315925598145
4.0	3.399200677871704
4.0	3.2285661697387695
4.0	3.231259822845459
3.0	2.5827207565307617
4.0	3.354421854019165
2.0	2.181981325149536
3.0	2.5916855335235596
3.0	3.2807230949401855
3.0	2.533555746078491
3.0	3.0183424949645996
3.0	3.4555253982543945
2.0	3.100583076477051
2.0	2.0597403049468994
3.0	2.700639486312866
3.0	2.92461895942688
4.0	3.336928367614746
2.0	2.569629192352295
3.0	3.4739463329315186
3.0	3.0285863876342773
3.0	2.884033203125
4.0	3.325619697570801
2.0	2.0891737937927246
3.0	2.19099760055542
3.0	2.6664836406707764
3.0	2.222539186477661
2.0	1.9865367412567139
4.0	3.3599047660827637
4.0	3.4927330017089844
3.0	2.8482460975646973
2.0	2.2032971382141113
4.0	2.82576847076416
2.0	2.444016695022583
3.0	3.4561593532562256
3.0	3.2602131366729736
3.0	3.3277180194854736
2.0	2.7783894538879395
4.0	3.4436376094818115
4.0	2.9727890491485596
3.0	2.4531619548797607
4.0	3.4574222564697266
2.0	1.544691801071167
2.0	2.243797540664673
1.0	1.594015121459961
3.0	3.3634681701660156
3.0	3.358901262283325
3.0	3.3069660663604736
5.0	3.287874460220337
3.0	2.9406700134277344
3.0	2.2271783351898193
3.0	2.7679197788238525
3.0	3.296717882156372
3.0	2.5978965759277344
3.0	2.7015187740325928
3.0	3.341413736343384
1.0	2.9670307636260986
3.0	2.9978830814361572
3.0	2.981370449066162
4.0	3.4162049293518066
4.0	2.7186403274536133
3.0	3.0460920333862305
1.0	0.7655690908432007
3.0	3.1574184894561768
3.0	2.3860630989074707
3.0	3.417001247406006
3.0	3.3153865337371826
3.0	3.4432578086853027
3.0	2.8106672763824463
4.0	3.348723888397217
3.0	2.60983943939209
4.0	3.2921934127807617
3.0	2.7549118995666504
3.0	2.783118963241577
3.0	3.333858013153076
2.0	2.623260021209717
2.0	2.0339646339416504
3.0	3.3355231285095215
4.0	3.2951982021331787
3.0	2.5908143520355225
2.0	1.6418243646621704
3.0	3.225618600845337
3.0	2.794168472290039
3.0	2.6956756114959717
1.0	1.8120911121368408
4.0	3.3176684379577637
2.0	2.348571300506592
4.0	3.334838628768921
3.0	3.0481514930725098
4.0	3.524744987487793
2.0	1.6588913202285767
5.0	3.343775510787964
3.0	2.8714349269866943
3.0	3.295710325241089
2.0	3.041297674179077
3.0	3.2913641929626465
2.0	2.073716402053833
4.0	2.397223949432373
2.0	2.2987427711486816
3.0	3.0780093669891357
2.0	3.0304923057556152
2.0	2.621002674102783
5.0	3.243788719177246
3.0	3.321018934249878
4.0	3.5110394954681396
3.0	2.1361117362976074
3.0	3.0615639686584473
3.0	2.2520978450775146
4.0	3.426395893096924
2.0	3.19642972946167
2.0	3.1608688831329346
3.0	3.4848697185516357
4.0	3.331366777420044
2.0	2.2656707763671875
3.0	3.626720905303955
3.0	2.84531307220459
3.0	3.4771878719329834
5.0	3.387911319732666
3.0	3.4073235988616943
3.0	3.1174376010894775
4.0	3.5244688987731934
5.0	3.3330862522125244
1.0	0.5995376110076904
4.0	3.1868200302124023
2.0	2.32275652885437
2.0	2.412630796432495
3.0	2.9701390266418457
2.0	3.051194190979004
3.0	2.9362199306488037
4.0	3.017324447631836
3.0	2.135073661804199
2.0	1.8909945487976074
4.0	3.096360683441162
3.0	3.189690351486206
2.0	1.7431572675704956
4.0	3.3412768840789795
3.0	3.2527859210968018
2.0	2.170807123184204
1.0	1.9182782173156738
3.0	3.054992437362671
3.0	3.640918254852295
2.0	2.78607177734375
3.0	2.996983051300049
3.0	3.1336052417755127
2.0	0.8776941299438477
3.0	2.9636054039001465
2.0	2.4914512634277344
3.0	3.0859742164611816
3.0	2.276677131652832
3.0	2.640535831451416
2.0	2.7472710609436035
3.0	2.2772674560546875
1.0	1.5969973802566528
1.0	1.8590179681777954
3.0	3.230786085128784
3.0	3.284020185470581
2.0	2.7369534969329834
3.0	2.7487688064575195
3.0	3.4690792560577393
3.0	3.209144115447998
2.0	1.965821385383606
3.0	3.3752403259277344
4.0	3.3511929512023926
4.0	3.503051519393921
3.0	3.3175299167633057
4.0	3.229905843734741
3.0	3.3205385208129883
2.0	3.476191759109497
1.0	2.447817325592041
2.0	2.4426350593566895
2.0	1.7755327224731445
3.0	3.341172218322754
1.0	1.4249626398086548
2.0	1.4120256900787354
3.0	3.001105308532715
3.0	3.08231782913208
2.0	3.0079169273376465
2.0	1.7515451908111572
4.0	3.0674221515655518
3.0	2.8136839866638184
3.0	2.545457601547241
3.0	3.0494775772094727
3.0	2.431509017944336
3.0	3.5940146446228027
1.0	1.492189645767212
2.0	2.7337276935577393
3.0	3.318554401397705
4.0	3.4008331298828125
3.0	2.886225700378418
2.0	1.9322518110275269
4.0	3.4368040561676025
2.0	2.5425446033477783
4.0	2.589613914489746
2.0	1.9143635034561157
2.0	3.1031107902526855
5.0	3.406707286834717
3.0	3.4393982887268066
3.0	2.5709824562072754
5.0	3.4059367179870605
4.0	3.391157865524292
4.0	3.2994773387908936
3.0	2.944343090057373
2.0	2.7629237174987793
3.0	2.6444859504699707
4.0	3.5737714767456055
4.0	3.3877203464508057
2.0	2.006791830062866
1.0	0.6530106067657471
3.0	2.615717887878418
3.0	3.016343832015991
3.0	2.534749984741211
1.0	1.5498169660568237
5.0	3.3137989044189453
5.0	3.5381128787994385
4.0	3.480278491973877
2.0	2.441042184829712
2.0	1.593044638633728
2.0	2.650700330734253
5.0	3.4194576740264893
2.0	2.6624608039855957
3.0	3.1123461723327637
4.0	3.464299201965332
4.0	2.505784511566162
3.0	2.188164234161377
2.0	1.579883098602295
2.0	2.182997703552246
3.0	2.533595561981201
3.0	3.175220251083374
4.0	3.2849643230438232
3.0	2.63309383392334
2.0	2.0512373447418213
3.0	3.1402060985565186
3.0	2.7620010375976562
1.0	1.8237812519073486
4.0	3.504768133163452
4.0	3.3951263427734375
3.0	2.757636547088623
5.0	3.422065258026123
3.0	2.38421893119812
4.0	3.357525110244751
3.0	2.6869735717773438
3.0	2.4774317741394043
3.0	3.2362008094787598
2.0	2.176999568939209
3.0	3.060817241668701
3.0	2.7080509662628174
3.0	2.4604787826538086
4.0	3.3495962619781494
4.0	3.511805295944214
2.0	2.481947660446167
3.0	2.7346513271331787
3.0	3.1213297843933105
5.0	3.44594144821167
2.0	2.1432278156280518
4.0	3.5102124214172363
2.0	2.4660542011260986
3.0	3.21239972114563
3.0	2.9984383583068848
3.0	2.927434206008911
3.0	3.0417754650115967
3.0	2.695819616317749
3.0	2.72133731842041
2.0	2.8608062267303467
3.0	3.2954695224761963
3.0	2.2422173023223877
2.0	2.6188080310821533
2.0	3.0711584091186523
4.0	3.5059704780578613
1.0	1.4139766693115234
3.0	2.6707754135131836
3.0	3.107022285461426
4.0	2.7196757793426514
3.0	2.5328474044799805
2.0	2.366640329360962
2.0	3.336874485015869
4.0	3.388766288757324
3.0	3.314352035522461
3.0	2.66477370262146
3.0	3.3376517295837402
4.0	3.0731735229492188
3.0	2.599802255630493
3.0	2.5606915950775146
4.0	3.403902530670166
2.0	2.804091691970825
4.0	3.3823258876800537
4.0	3.2783918380737305
4.0	3.5534186363220215
3.0	2.7334156036376953
2.0	2.4079363346099854
1.0	1.4927152395248413
2.0	2.122852325439453
3.0	3.03625226020813
3.0	3.082714557647705
3.0	2.4264750480651855
2.0	3.030440330505371
3.0	3.035210132598877
3.0	2.2207038402557373
4.0	3.4260194301605225
3.0	2.7273964881896973
3.0	2.607611894607544
4.0	2.552324056625366
2.0	3.3307044506073
3.0	3.3230087757110596
4.0	3.3543050289154053
3.0	2.3262887001037598
3.0	3.0575196743011475
3.0	2.812225580215454
3.0	3.0811269283294678
2.0	2.6549649238586426
3.0	1.94485604763031
3.0	2.9333736896514893
4.0	3.3553194999694824
4.0	3.459653854370117
4.0	3.606990098953247
3.0	3.4088356494903564
3.0	2.4213101863861084
3.0	2.7145566940307617
3.0	2.9004900455474854
4.0	3.192749261856079
1.0	2.109339714050293
1.0	0.35308992862701416
3.0	3.0892691612243652
3.0	2.4533441066741943
3.0	3.043452262878418
3.0	2.706145763397217
3.0	3.0399909019470215
3.0	2.813737630844116
3.0	2.7701938152313232
3.0	2.6054482460021973
3.0	2.9913430213928223
4.0	2.580721855163574
1.0	1.5863581895828247
4.0	3.2955706119537354
3.0	2.599933624267578
3.0	2.9215328693389893
3.0	3.4824182987213135
3.0	2.634556770324707
3.0	2.989649534225464
4.0	3.412477731704712
3.0	2.61970591545105
3.0	3.3353662490844727
3.0	3.3078360557556152
3.0	3.1003260612487793
3.0	2.747765064239502
4.0	3.4599881172180176
