label	pred
3.0	2.1880767345428467
2.0	2.374004364013672
2.0	1.7341856956481934
4.0	3.1177854537963867
2.0	2.780486583709717
3.0	3.074260950088501
3.0	3.0692288875579834
3.0	2.961684226989746
4.0	3.073479413986206
2.0	3.070605516433716
2.0	2.9486277103424072
3.0	3.2252938747406006
3.0	2.97232985496521
4.0	2.6719532012939453
3.0	2.5113658905029297
2.0	3.100173234939575
2.0	1.9222332239151
4.0	3.3147623538970947
4.0	3.0695464611053467
4.0	3.088721513748169
3.0	2.611065149307251
4.0	3.1416921615600586
2.0	2.1441993713378906
3.0	2.5380866527557373
3.0	3.0843276977539062
3.0	2.459026336669922
3.0	3.0037729740142822
3.0	3.1366965770721436
2.0	3.0383973121643066
2.0	2.1022908687591553
3.0	2.451310634613037
3.0	3.0396580696105957
4.0	3.1400275230407715
2.0	2.5325193405151367
3.0	3.231778144836426
3.0	3.079989433288574
3.0	3.2307322025299072
4.0	3.137848138809204
2.0	2.068378448486328
3.0	2.3535268306732178
3.0	2.6435635089874268
3.0	2.192246437072754
2.0	1.903437852859497
4.0	3.0518641471862793
4.0	3.0996596813201904
3.0	2.8376638889312744
2.0	2.2707290649414062
4.0	3.1456758975982666
2.0	2.2922420501708984
3.0	3.110822916030884
3.0	3.1033411026000977
3.0	3.0209426879882812
2.0	2.6582553386688232
4.0	3.1075680255889893
4.0	3.1410880088806152
3.0	2.535520076751709
4.0	3.06585693359375
2.0	1.4336293935775757
2.0	2.019970655441284
1.0	1.5925230979919434
3.0	3.074125289916992
3.0	3.271913528442383
3.0	3.037034273147583
5.0	3.099698066711426
3.0	3.3278374671936035
3.0	2.139939546585083
3.0	2.6889591217041016
3.0	3.206451177597046
3.0	2.5922787189483643
3.0	2.5338401794433594
3.0	3.033285140991211
1.0	3.0133299827575684
3.0	3.2588562965393066
3.0	3.1687276363372803
4.0	3.266094446182251
4.0	2.6456806659698486
3.0	3.1957387924194336
1.0	0.870118260383606
3.0	3.1454851627349854
3.0	2.2744123935699463
3.0	3.1959621906280518
3.0	3.265928268432617
3.0	3.2103471755981445
3.0	3.17598819732666
4.0	3.211050510406494
3.0	2.5314836502075195
4.0	3.1555962562561035
3.0	2.6600303649902344
3.0	3.0664989948272705
3.0	3.129009485244751
2.0	2.5653328895568848
2.0	2.348261833190918
3.0	3.0812296867370605
4.0	3.080838918685913
3.0	2.552696943283081
2.0	1.7090023756027222
3.0	3.08657169342041
3.0	2.5756826400756836
3.0	2.6462514400482178
1.0	1.909118413925171
4.0	3.082200765609741
2.0	2.2057366371154785
4.0	3.245540142059326
3.0	3.1408417224884033
4.0	3.269012451171875
2.0	1.5357210636138916
5.0	3.1780295372009277
3.0	3.193756103515625
3.0	3.234890937805176
2.0	3.207655668258667
3.0	3.0826196670532227
2.0	2.1951558589935303
4.0	2.306889533996582
2.0	2.2927193641662598
3.0	3.2296135425567627
2.0	3.1879587173461914
2.0	2.513490676879883
5.0	2.9399373531341553
3.0	3.250516414642334
4.0	3.15913987159729
3.0	2.159233570098877
3.0	3.2166872024536133
3.0	2.2536277770996094
4.0	3.269843578338623
2.0	3.151259660720825
2.0	3.1995975971221924
3.0	3.0897624492645264
4.0	3.177870750427246
2.0	2.099621295928955
3.0	3.124398708343506
3.0	2.9191317558288574
3.0	3.166072130203247
5.0	3.1837143898010254
3.0	3.092458486557007
3.0	3.0990424156188965
4.0	3.327179193496704
5.0	3.112290143966675
1.0	0.6595215797424316
4.0	3.137249231338501
2.0	2.4079480171203613
2.0	2.39418363571167
3.0	3.1858060359954834
2.0	2.8958723545074463
3.0	2.852396249771118
4.0	3.18489146232605
3.0	2.0297532081604004
2.0	1.8120468854904175
4.0	3.1339855194091797
3.0	3.0134458541870117
2.0	1.6246957778930664
4.0	3.3196845054626465
3.0	2.9947237968444824
2.0	2.164738893508911
1.0	2.0388479232788086
3.0	3.11081600189209
3.0	3.201011896133423
2.0	2.5265660285949707
3.0	3.1509146690368652
3.0	3.092395782470703
2.0	1.0178606510162354
3.0	3.238332986831665
2.0	2.447361946105957
3.0	3.10349702835083
3.0	2.144350051879883
3.0	2.520423173904419
2.0	2.58957839012146
3.0	2.1666383743286133
1.0	1.651178002357483
1.0	1.9167602062225342
3.0	3.2454888820648193
3.0	3.1779255867004395
2.0	2.635162115097046
3.0	2.7956509590148926
3.0	3.247819423675537
3.0	3.123260021209717
2.0	1.8407666683197021
3.0	3.288452386856079
4.0	3.0938339233398438
4.0	3.1076598167419434
3.0	3.1150403022766113
4.0	3.1648478507995605
3.0	3.1143908500671387
2.0	3.1824800968170166
1.0	2.5048787593841553
2.0	2.349663496017456
2.0	1.98363196849823
3.0	3.0301108360290527
1.0	1.442434549331665
2.0	1.338718056678772
3.0	2.914590835571289
3.0	3.071730852127075
2.0	3.282839298248291
2.0	1.6635653972625732
4.0	3.068753719329834
3.0	3.148270845413208
3.0	2.393193006515503
3.0	3.1143083572387695
3.0	2.2110321521759033
3.0	3.3168394565582275
1.0	1.412259817123413
2.0	2.5809342861175537
3.0	2.976351737976074
4.0	3.1624693870544434
3.0	2.988743543624878
2.0	1.8515797853469849
4.0	3.3200879096984863
2.0	2.4731216430664062
4.0	2.553633689880371
2.0	1.9569180011749268
2.0	3.107529640197754
5.0	3.3259623050689697
3.0	2.8036746978759766
3.0	2.6197240352630615
5.0	3.20469069480896
4.0	3.0065722465515137
4.0	3.115576982498169
3.0	3.0432064533233643
2.0	3.0801801681518555
3.0	2.6357650756835938
4.0	3.291651725769043
4.0	3.188659906387329
2.0	1.9755377769470215
1.0	0.775322437286377
3.0	2.5567359924316406
3.0	3.0022735595703125
3.0	2.3242244720458984
1.0	1.3687803745269775
5.0	3.1474156379699707
5.0	3.2334680557250977
4.0	3.0528128147125244
2.0	2.2473785877227783
2.0	1.7251464128494263
2.0	2.6098475456237793
5.0	3.268148422241211
2.0	2.647449016571045
3.0	3.1224427223205566
4.0	3.226980447769165
4.0	2.5557827949523926
3.0	2.175823211669922
2.0	1.6538500785827637
2.0	2.3375167846679688
3.0	2.3894007205963135
3.0	3.259246349334717
4.0	2.8904547691345215
3.0	2.554396390914917
2.0	2.1181447505950928
3.0	3.167252540588379
3.0	2.6525256633758545
1.0	1.9047502279281616
4.0	3.1270008087158203
4.0	3.2635245323181152
3.0	2.7322752475738525
5.0	3.176973581314087
3.0	2.5810177326202393
4.0	2.9934239387512207
3.0	2.740558624267578
3.0	2.2260959148406982
3.0	3.09371018409729
2.0	2.0965213775634766
3.0	3.2079622745513916
3.0	2.65478777885437
3.0	2.544290065765381
4.0	3.1848819255828857
4.0	3.1601948738098145
2.0	2.3480470180511475
3.0	3.117213487625122
3.0	3.2373502254486084
5.0	3.198930263519287
2.0	1.9795364141464233
4.0	3.097299098968506
2.0	2.5563912391662598
3.0	3.0754826068878174
3.0	3.131864309310913
3.0	3.1116325855255127
3.0	3.2173187732696533
3.0	2.6051101684570312
3.0	2.674954414367676
2.0	2.94978928565979
3.0	3.1235032081604004
3.0	2.2441399097442627
2.0	2.6627769470214844
2.0	3.072767734527588
4.0	3.3309569358825684
1.0	1.3779634237289429
3.0	2.751120090484619
3.0	3.117663860321045
4.0	2.5626871585845947
3.0	2.474468946456909
2.0	2.3122191429138184
2.0	3.318636894226074
4.0	3.268151044845581
3.0	3.3510560989379883
3.0	2.7415356636047363
3.0	3.099579095840454
4.0	2.8543150424957275
3.0	2.6107773780822754
3.0	2.62839674949646
4.0	3.2566816806793213
2.0	3.252490758895874
4.0	3.2678332328796387
4.0	3.1376564502716064
4.0	3.1414923667907715
3.0	2.823277711868286
2.0	2.312438726425171
1.0	1.3921326398849487
2.0	2.0072803497314453
3.0	3.184511184692383
3.0	3.230614185333252
3.0	2.399472951889038
2.0	3.3077807426452637
3.0	3.2465224266052246
3.0	2.211782932281494
4.0	3.1728878021240234
3.0	2.8533031940460205
3.0	2.414078712463379
4.0	2.5431244373321533
2.0	3.1667392253875732
3.0	3.21311616897583
4.0	2.981557846069336
3.0	2.288409471511841
3.0	3.1808791160583496
3.0	3.0398125648498535
3.0	3.1813442707061768
2.0	2.553427219390869
3.0	2.0069808959960938
3.0	3.20737361907959
4.0	3.2142529487609863
4.0	3.2181661128997803
4.0	3.0480642318725586
3.0	3.059298515319824
3.0	2.4086480140686035
3.0	3.187542676925659
3.0	3.0928165912628174
4.0	3.166783332824707
1.0	2.047123432159424
1.0	0.7744580507278442
3.0	3.0027921199798584
3.0	2.3925998210906982
3.0	3.124696969985962
3.0	2.6829633712768555
3.0	3.167487859725952
3.0	3.2654082775115967
3.0	2.8071837425231934
3.0	2.664640188217163
3.0	3.1676201820373535
4.0	2.6862833499908447
1.0	1.4963682889938354
4.0	3.126214027404785
3.0	2.5452308654785156
3.0	3.0783236026763916
3.0	3.15509033203125
3.0	2.6665749549865723
3.0	3.0727641582489014
4.0	2.995746374130249
3.0	2.6326637268066406
3.0	2.8520052433013916
3.0	3.149925708770752
3.0	3.1921403408050537
3.0	2.649055242538452
4.0	3.0590810775756836
