label	pred
3.0	2.2021708488464355
2.0	2.7139434814453125
2.0	1.747908592224121
4.0	3.440674304962158
2.0	2.8200814723968506
3.0	3.223250389099121
3.0	2.906655788421631
3.0	3.482989549636841
4.0	3.086542844772339
2.0	3.367985963821411
2.0	3.9381661415100098
3.0	3.513737678527832
3.0	2.5312700271606445
4.0	2.7647511959075928
3.0	3.0635218620300293
2.0	3.533433437347412
2.0	2.511979818344116
4.0	3.151198625564575
4.0	3.136237621307373
4.0	3.203580856323242
3.0	3.0961270332336426
4.0	2.5558433532714844
2.0	1.9254776239395142
3.0	2.4455978870391846
3.0	3.7176856994628906
3.0	2.519193649291992
3.0	2.937241315841675
3.0	3.1893796920776367
2.0	3.6964032649993896
2.0	1.7508207559585571
3.0	2.0243241786956787
3.0	3.3050432205200195
4.0	4.229090213775635
2.0	3.012460708618164
3.0	4.121041297912598
3.0	3.5297632217407227
3.0	3.6063785552978516
4.0	3.4179954528808594
2.0	2.193070411682129
3.0	2.205869436264038
3.0	2.3049707412719727
3.0	2.4722728729248047
2.0	1.8893723487854004
4.0	3.125478506088257
4.0	3.1169533729553223
3.0	3.407780408859253
2.0	1.7604334354400635
4.0	3.004227638244629
2.0	2.296504497528076
3.0	3.529054880142212
3.0	3.028316020965576
3.0	3.124619960784912
2.0	2.7960381507873535
4.0	3.0584869384765625
4.0	3.0234951972961426
3.0	2.4283342361450195
4.0	3.4575562477111816
2.0	1.5784473419189453
2.0	2.1490843296051025
1.0	1.5754135847091675
3.0	3.1290018558502197
3.0	4.247127532958984
3.0	3.2675347328186035
5.0	3.3484652042388916
3.0	2.934500217437744
3.0	2.104233503341675
3.0	2.3551647663116455
3.0	2.932892322540283
3.0	2.1490745544433594
3.0	2.3693349361419678
3.0	3.8568105697631836
1.0	3.2409067153930664
3.0	3.577648401260376
3.0	3.291611433029175
4.0	3.99637508392334
4.0	2.785554885864258
3.0	3.816655158996582
1.0	0.5077327489852905
3.0	3.521214246749878
3.0	2.315805196762085
3.0	3.0470054149627686
3.0	3.883723020553589
3.0	3.1002919673919678
3.0	3.229053497314453
4.0	3.692272424697876
3.0	2.254148244857788
4.0	3.9118692874908447
3.0	3.4592742919921875
3.0	3.9688942432403564
3.0	3.2559285163879395
2.0	3.453946352005005
2.0	2.169440507888794
3.0	3.7530088424682617
4.0	3.6331639289855957
3.0	2.8866350650787354
2.0	1.6112732887268066
3.0	3.4041848182678223
3.0	3.332519292831421
3.0	2.783907890319824
1.0	2.278928518295288
4.0	2.9068777561187744
2.0	2.491314649581909
4.0	2.9133176803588867
3.0	3.3425002098083496
4.0	3.375758409500122
2.0	1.591127872467041
5.0	3.324347972869873
3.0	3.7865681648254395
3.0	2.767348289489746
2.0	3.6096816062927246
3.0	3.60428786277771
2.0	2.2059831619262695
4.0	2.5669710636138916
2.0	2.6931591033935547
3.0	3.3412935733795166
2.0	2.97664737701416
2.0	2.7117581367492676
5.0	3.2338528633117676
3.0	3.348114013671875
4.0	3.2925784587860107
3.0	1.8362449407577515
3.0	3.3136367797851562
3.0	2.5615053176879883
4.0	3.2852771282196045
2.0	3.547006607055664
2.0	3.402411937713623
3.0	3.2133636474609375
4.0	3.422250270843506
2.0	2.1961803436279297
3.0	3.180229425430298
3.0	2.9836080074310303
3.0	3.414811372756958
5.0	3.9570679664611816
3.0	3.149630546569824
3.0	3.567058563232422
4.0	3.887392044067383
5.0	3.155776023864746
1.0	0.38435715436935425
4.0	3.2568278312683105
2.0	2.6756370067596436
2.0	2.1771790981292725
3.0	3.0721256732940674
2.0	3.663839101791382
3.0	2.5541183948516846
4.0	3.041290283203125
3.0	1.951430320739746
2.0	2.5241599082946777
4.0	4.0088653564453125
3.0	3.166245937347412
2.0	1.4835702180862427
4.0	3.9301960468292236
3.0	2.5830016136169434
2.0	2.101083755493164
1.0	1.9740418195724487
3.0	3.4689297676086426
3.0	3.073157787322998
2.0	2.6280300617218018
3.0	3.7146589756011963
3.0	3.2712700366973877
2.0	1.2906936407089233
3.0	3.508955240249634
2.0	2.548243761062622
3.0	3.74487042427063
3.0	2.340681552886963
3.0	2.590489149093628
2.0	2.5895817279815674
3.0	1.867701768875122
1.0	1.7820786237716675
1.0	1.6341795921325684
3.0	3.944269895553589
3.0	3.890639066696167
2.0	2.2320823669433594
3.0	2.172609329223633
3.0	3.6463370323181152
3.0	3.3244080543518066
2.0	1.8740941286087036
3.0	3.3042073249816895
4.0	4.168931484222412
4.0	3.5348381996154785
3.0	2.7577123641967773
4.0	3.5516481399536133
3.0	3.0422000885009766
2.0	2.9271721839904785
1.0	1.9907763004302979
2.0	2.7443203926086426
2.0	1.7628047466278076
3.0	3.0252420902252197
1.0	1.174831748008728
2.0	1.2705367803573608
3.0	3.7581653594970703
3.0	2.8204784393310547
2.0	3.6406726837158203
2.0	1.786763072013855
4.0	3.541813850402832
3.0	3.530304193496704
3.0	2.400935173034668
3.0	3.4501657485961914
3.0	2.1993017196655273
3.0	3.9934160709381104
1.0	1.2793906927108765
2.0	2.1505141258239746
3.0	3.3663809299468994
4.0	3.365177869796753
3.0	3.630854606628418
2.0	1.9048267602920532
4.0	2.8711624145507812
2.0	2.4883439540863037
4.0	2.6204347610473633
2.0	2.4721667766571045
2.0	2.9343791007995605
5.0	3.344409704208374
3.0	2.950139045715332
3.0	2.5856094360351562
5.0	3.160592794418335
4.0	2.916038990020752
4.0	2.5396547317504883
3.0	3.2410855293273926
2.0	3.462857484817505
3.0	2.351076602935791
4.0	3.973163604736328
4.0	3.1272811889648438
2.0	1.8608412742614746
1.0	0.1668178141117096
3.0	2.466259241104126
3.0	3.1269173622131348
3.0	2.1493120193481445
1.0	1.7500578165054321
5.0	3.097581386566162
5.0	3.848017692565918
4.0	3.3991031646728516
2.0	2.574522018432617
2.0	1.9682389497756958
2.0	2.498056650161743
5.0	3.6490554809570312
2.0	3.8077213764190674
3.0	3.4053118228912354
4.0	3.240055799484253
4.0	2.749114751815796
3.0	2.6953914165496826
2.0	1.8054395914077759
2.0	2.9385974407196045
3.0	2.2606313228607178
3.0	3.5266454219818115
4.0	3.179027795791626
3.0	2.629502058029175
2.0	2.0269200801849365
3.0	3.268284559249878
3.0	3.2369637489318848
1.0	1.9201041460037231
4.0	3.0282983779907227
4.0	3.8222622871398926
3.0	2.945981979370117
5.0	4.050779342651367
3.0	2.9395341873168945
4.0	3.1105844974517822
3.0	3.101625442504883
3.0	2.351356267929077
3.0	3.2269980907440186
2.0	1.6704179048538208
3.0	3.0235142707824707
3.0	3.133535385131836
3.0	3.0109007358551025
4.0	3.8616554737091064
4.0	2.8418772220611572
2.0	2.1160407066345215
3.0	4.110438346862793
3.0	3.2504019737243652
5.0	3.2619686126708984
2.0	1.9915932416915894
4.0	4.379965305328369
2.0	2.2227139472961426
3.0	3.748762607574463
3.0	3.0020129680633545
3.0	3.0298516750335693
3.0	3.6167593002319336
3.0	2.9565465450286865
3.0	3.4413089752197266
2.0	3.68578839302063
3.0	3.339888334274292
3.0	2.9188435077667236
2.0	2.850881338119507
2.0	3.0933847427368164
4.0	3.0818562507629395
1.0	1.8673467636108398
3.0	3.6184091567993164
3.0	2.577915668487549
4.0	2.765507459640503
3.0	2.201847553253174
2.0	2.5732109546661377
2.0	3.755673885345459
4.0	3.8142082691192627
3.0	3.7024126052856445
3.0	2.4324147701263428
3.0	3.2829558849334717
4.0	3.020311117172241
3.0	3.189918041229248
3.0	2.3515663146972656
4.0	3.5211915969848633
2.0	3.4404385089874268
4.0	3.9637978076934814
4.0	2.93099045753479
4.0	4.225304126739502
3.0	2.427147150039673
2.0	2.1393191814422607
1.0	1.8803491592407227
2.0	2.43794846534729
3.0	3.7136218547821045
3.0	4.036702632904053
3.0	1.9124183654785156
2.0	3.423278570175171
3.0	3.4797158241271973
3.0	2.9208483695983887
4.0	3.7846312522888184
3.0	3.7893989086151123
3.0	3.3448526859283447
4.0	2.6967577934265137
2.0	3.7293827533721924
3.0	3.3273589611053467
4.0	3.076366901397705
3.0	2.736560821533203
3.0	2.8412954807281494
3.0	3.477663516998291
3.0	3.1471378803253174
2.0	2.6510009765625
3.0	2.427898645401001
3.0	2.699127674102783
4.0	3.5205767154693604
4.0	3.2657833099365234
4.0	3.333042860031128
3.0	3.1785552501678467
3.0	2.3204457759857178
3.0	3.444983720779419
3.0	2.989088773727417
4.0	3.5162134170532227
1.0	2.063246250152588
1.0	0.49471133947372437
3.0	3.534660816192627
3.0	2.231682062149048
3.0	2.857166051864624
3.0	3.100954294204712
3.0	2.6821303367614746
3.0	3.7864837646484375
3.0	2.965980052947998
3.0	3.105449676513672
3.0	3.419424295425415
4.0	3.007500410079956
1.0	1.3971617221832275
4.0	2.387214183807373
3.0	2.9975593090057373
3.0	3.1475586891174316
3.0	3.0580687522888184
3.0	2.880607843399048
3.0	3.6334660053253174
4.0	3.1506221294403076
3.0	2.5401840209960938
3.0	3.7316622734069824
3.0	2.6084604263305664
3.0	3.4915480613708496
3.0	2.7394323348999023
4.0	2.7421696186065674
