label	pred
2.0	3.1539809703826904
4.0	3.4571239948272705
4.0	3.9220082759857178
3.0	2.843372106552124
4.0	3.5600109100341797
4.0	3.587277889251709
4.0	3.9911482334136963
3.0	3.2787318229675293
2.0	1.8232324123382568
3.0	3.6010544300079346
3.0	2.6699342727661133
3.0	3.1961734294891357
2.0	2.2508928775787354
3.0	3.1436409950256348
1.0	1.1378722190856934
3.0	3.5846149921417236
2.0	2.240520477294922
3.0	3.378077507019043
2.0	2.5949838161468506
3.0	2.8662590980529785
4.0	3.3290085792541504
2.0	0.9175572395324707
2.0	2.340833902359009
4.0	3.4378368854522705
3.0	2.8038828372955322
3.0	2.578329563140869
3.0	3.005258798599243
3.0	3.0783896446228027
2.0	2.6165807247161865
4.0	4.148508071899414
3.0	2.972604513168335
3.0	2.9492247104644775
4.0	3.1715762615203857
2.0	1.758312463760376
3.0	2.7572202682495117
2.0	1.379558801651001
3.0	3.148096799850464
3.0	2.8717691898345947
4.0	3.4281911849975586
3.0	2.926363229751587
3.0	2.6654388904571533
2.0	1.7535760402679443
3.0	2.655022621154785
3.0	2.835564374923706
2.0	1.6651661396026611
3.0	3.2317967414855957
4.0	2.9232585430145264
4.0	3.7046453952789307
4.0	3.5961461067199707
3.0	3.3238511085510254
2.0	1.790292501449585
2.0	2.190608024597168
3.0	2.776658535003662
3.0	3.0302979946136475
2.0	2.0332555770874023
2.0	2.0202841758728027
3.0	3.433723211288452
2.0	2.9609930515289307
3.0	2.951880693435669
4.0	3.3329250812530518
4.0	3.5966198444366455
4.0	3.4836809635162354
4.0	3.596008777618408
3.0	2.8652098178863525
4.0	4.035471439361572
3.0	3.6833009719848633
3.0	2.9392592906951904
4.0	3.945394992828369
3.0	2.9642043113708496
3.0	3.4499833583831787
3.0	3.654981851577759
4.0	3.7203686237335205
2.0	3.0170764923095703
3.0	3.2762837409973145
4.0	3.4517340660095215
3.0	3.1747143268585205
3.0	3.6129684448242188
3.0	3.2102854251861572
3.0	3.1066482067108154
3.0	3.2286198139190674
4.0	3.5838394165039062
3.0	3.4849026203155518
4.0	3.878678798675537
4.0	3.6988582611083984
2.0	2.3026983737945557
1.0	0.959883451461792
4.0	3.8195741176605225
3.0	3.010012149810791
0.0	0.8485537171363831
3.0	2.63093638420105
3.0	3.503568410873413
2.0	2.837803363800049
3.0	3.120929002761841
3.0	3.2912039756774902
2.0	3.348493814468384
3.0	3.1039352416992188
2.0	1.9763349294662476
2.0	2.109349250793457
3.0	2.8215885162353516
2.0	2.2528669834136963
2.0	1.9898324012756348
2.0	2.132932186126709
3.0	3.3163869380950928
3.0	3.400437355041504
3.0	3.251105546951294
4.0	3.4407553672790527
3.0	3.082768440246582
3.0	2.8884973526000977
3.0	3.549872398376465
3.0	2.9276351928710938
3.0	2.8340156078338623
3.0	3.34285831451416
4.0	3.8607075214385986
3.0	3.4926061630249023
3.0	2.7368826866149902
4.0	3.625447988510132
1.0	0.7622882723808289
2.0	2.2968947887420654
3.0	3.3390064239501953
3.0	2.886362075805664
3.0	3.5437793731689453
3.0	3.4566197395324707
4.0	3.8182952404022217
2.0	2.3803794384002686
3.0	2.7023439407348633
2.0	2.3120954036712646
4.0	4.085120677947998
2.0	1.8238447904586792
3.0	3.489636182785034
4.0	3.7239811420440674
4.0	3.4930009841918945
4.0	3.6757094860076904
4.0	3.7452456951141357
3.0	3.15084171295166
2.0	2.1303279399871826
0.0	0.2674708366394043
4.0	3.6305012702941895
3.0	2.9018211364746094
3.0	3.079087018966675
4.0	3.313253879547119
4.0	3.5948519706726074
1.0	1.1911580562591553
2.0	3.1522345542907715
3.0	2.929337739944458
3.0	3.003638744354248
4.0	3.546642541885376
3.0	3.08255672454834
4.0	3.717782974243164
1.0	1.099751591682434
4.0	3.6361842155456543
3.0	3.0201528072357178
2.0	2.625621795654297
3.0	3.0300045013427734
2.0	1.5049344301223755
4.0	3.6895601749420166
0.0	0.40608835220336914
2.0	2.6594505310058594
3.0	2.7658421993255615
3.0	2.9408953189849854
3.0	3.384039878845215
4.0	3.553102731704712
2.0	2.9019031524658203
2.0	2.0340728759765625
3.0	3.2916834354400635
2.0	2.3549447059631348
2.0	2.715456247329712
3.0	3.0314550399780273
3.0	2.8611490726470947
3.0	3.4501378536224365
3.0	3.909183979034424
2.0	2.848057746887207
4.0	3.196502208709717
2.0	2.7653157711029053
3.0	3.0405657291412354
3.0	3.175133228302002
3.0	2.911638021469116
3.0	3.2243106365203857
3.0	3.3928277492523193
4.0	3.7543718814849854
2.0	1.6666761636734009
3.0	3.5364301204681396
3.0	3.4959769248962402
4.0	3.579810619354248
3.0	2.9943830966949463
3.0	3.473147392272949
3.0	3.3905694484710693
3.0	3.5419352054595947
3.0	3.622361660003662
2.0	2.283890962600708
4.0	4.0186285972595215
3.0	3.2788002490997314
3.0	3.470106601715088
3.0	2.741960048675537
4.0	3.0588927268981934
2.0	2.6318912506103516
3.0	3.2709367275238037
3.0	3.4981930255889893
3.0	2.7776942253112793
2.0	2.5166988372802734
4.0	3.7196099758148193
3.0	2.9459099769592285
4.0	4.198730945587158
3.0	3.3715739250183105
3.0	3.5957906246185303
3.0	2.915799379348755
2.0	2.104210615158081
4.0	3.775759220123291
4.0	3.856182098388672
4.0	3.828477621078491
4.0	3.554088830947876
3.0	3.3947713375091553
3.0	3.904864549636841
3.0	3.0255393981933594
4.0	3.932399272918701
3.0	2.921869993209839
3.0	3.1793153285980225
3.0	2.9464385509490967
4.0	2.92867374420166
1.0	0.8150342106819153
2.0	3.4852187633514404
3.0	2.9679791927337646
3.0	2.9636147022247314
3.0	3.3485255241394043
2.0	1.9221354722976685
2.0	2.9007649421691895
3.0	3.6783056259155273
3.0	3.183443784713745
3.0	3.496377944946289
4.0	3.999907970428467
3.0	2.6534180641174316
4.0	4.037238597869873
3.0	3.112643003463745
4.0	3.912127733230591
3.0	3.4603350162506104
2.0	2.455599308013916
3.0	3.033801317214966
3.0	3.4752354621887207
4.0	3.650658130645752
2.0	2.441830635070801
4.0	3.3139102458953857
3.0	2.5535290241241455
3.0	3.2189784049987793
2.0	1.6058697700500488
3.0	3.2096176147460938
2.0	1.8347145318984985
2.0	2.38454008102417
2.0	2.568480968475342
3.0	2.6696250438690186
3.0	2.7818715572357178
2.0	2.041130304336548
2.0	2.2778818607330322
2.0	2.561713933944702
3.0	2.8261406421661377
3.0	3.294048309326172
2.0	2.840512990951538
3.0	3.311567544937134
4.0	3.669173240661621
3.0	3.3276925086975098
3.0	3.0474178791046143
1.0	1.0381001234054565
3.0	3.499595880508423
4.0	3.7773265838623047
4.0	3.2619998455047607
4.0	3.855109691619873
2.0	2.852752208709717
2.0	1.5905232429504395
2.0	1.8427460193634033
3.0	3.295891761779785
3.0	3.192847490310669
4.0	3.4065353870391846
3.0	3.069902181625366
4.0	3.6350114345550537
3.0	3.1112060546875
2.0	1.3911895751953125
3.0	3.164788007736206
4.0	3.6072824001312256
4.0	3.5101730823516846
3.0	2.870964288711548
3.0	3.0410101413726807
2.0	2.484293222427368
3.0	3.152510643005371
3.0	3.3175272941589355
4.0	3.605194091796875
2.0	3.1882622241973877
4.0	3.63132905960083
2.0	2.409064531326294
2.0	2.613623857498169
2.0	3.146747350692749
4.0	3.6148595809936523
3.0	3.3282315731048584
5.0	3.705939292907715
3.0	3.0980935096740723
2.0	2.5483641624450684
2.0	2.7439513206481934
2.0	2.7108030319213867
2.0	2.5677435398101807
2.0	2.7628848552703857
3.0	3.0002288818359375
4.0	3.1656875610351562
3.0	2.7022082805633545
3.0	3.1652867794036865
3.0	2.697915554046631
5.0	4.113851070404053
1.0	1.4307632446289062
3.0	2.8492190837860107
1.0	0.8639176487922668
2.0	2.9698073863983154
3.0	3.0941624641418457
4.0	3.3482697010040283
3.0	2.7311341762542725
4.0	3.783107042312622
3.0	2.97249174118042
3.0	3.427171468734741
4.0	3.6554224491119385
4.0	3.485490083694458
4.0	3.4572525024414062
4.0	4.17556619644165
2.0	3.1388378143310547
1.0	0.7180546522140503
3.0	3.3848557472229004
3.0	2.6633012294769287
2.0	1.2096037864685059
3.0	3.0874667167663574
4.0	3.6591780185699463
4.0	3.3044540882110596
1.0	0.8200023174285889
3.0	3.2044899463653564
2.0	2.6410534381866455
3.0	2.6362087726593018
3.0	2.930769681930542
3.0	2.828444480895996
2.0	2.5771946907043457
1.0	0.5911008715629578
3.0	2.892662525177002
3.0	3.5577006340026855
3.0	3.145012378692627
3.0	2.663235664367676
4.0	3.076002359390259
4.0	3.9869022369384766
4.0	3.578458547592163
4.0	3.4030303955078125
3.0	3.03951358795166
3.0	3.0027763843536377
4.0	3.0057568550109863
4.0	3.233253002166748
4.0	3.470787763595581
3.0	2.878549575805664
1.0	1.131022334098816
3.0	3.0560500621795654
4.0	2.6510674953460693
3.0	2.7462079524993896
4.0	3.407818078994751
3.0	3.3513383865356445
3.0	3.1071808338165283
4.0	3.1356735229492188
3.0	2.9135067462921143
3.0	2.891855001449585
2.0	1.5299980640411377
3.0	2.823374032974243
4.0	3.041539430618286
