label	pred
4.0	3.2304515838623047
2.0	2.1245856285095215
3.0	2.752406120300293
3.0	3.314424753189087
3.0	3.3066704273223877
2.0	2.738907814025879
3.0	3.379345178604126
3.0	3.2758398056030273
2.0	3.105309009552002
2.0	3.1375536918640137
3.0	2.8660526275634766
3.0	2.8717241287231445
3.0	3.2270853519439697
2.0	2.9434049129486084
2.0	1.8633419275283813
3.0	3.155019998550415
3.0	3.268643617630005
3.0	2.848637580871582
2.0	2.2072978019714355
2.0	2.934910774230957
2.0	2.9039251804351807
2.0	3.0464704036712646
3.0	2.609959125518799
3.0	3.2038967609405518
4.0	3.204777240753174
4.0	3.1866164207458496
3.0	2.672738552093506
1.0	1.87686026096344
2.0	3.033172607421875
3.0	2.9431068897247314
4.0	3.17283296585083
3.0	3.152493953704834
3.0	2.3597917556762695
4.0	3.1595964431762695
3.0	2.850454568862915
3.0	3.3350820541381836
3.0	3.116777181625366
3.0	3.278493642807007
3.0	3.022179126739502
3.0	3.2194085121154785
3.0	3.250749349594116
3.0	2.9583740234375
3.0	3.2052316665649414
4.0	3.2238597869873047
3.0	2.962071418762207
3.0	2.8417675495147705
3.0	3.2355198860168457
3.0	2.8666913509368896
3.0	3.1583402156829834
3.0	2.895719289779663
4.0	3.3289356231689453
3.0	2.7350010871887207
3.0	2.9957871437072754
3.0	2.7261857986450195
3.0	3.261732816696167
4.0	3.330146312713623
3.0	3.2552990913391113
2.0	2.15492582321167
2.0	2.7588133811950684
3.0	3.1905627250671387
2.0	1.8228211402893066
2.0	2.5311436653137207
2.0	3.08178973197937
3.0	3.2743630409240723
3.0	2.929002046585083
3.0	2.93412184715271
3.0	2.8461432456970215
3.0	3.0112929344177246
3.0	2.505420207977295
3.0	2.9633595943450928
2.0	3.184828996658325
3.0	2.8469295501708984
2.0	2.7236168384552
3.0	3.2473056316375732
4.0	3.104576349258423
2.0	3.1915907859802246
3.0	3.252979278564453
3.0	2.954371213912964
3.0	3.098712682723999
2.0	2.171403408050537
3.0	3.0542001724243164
3.0	3.0899171829223633
2.0	3.1580817699432373
3.0	3.0162906646728516
2.0	3.107560157775879
3.0	3.178004741668701
3.0	2.9606497287750244
2.0	2.165795087814331
1.0	1.39363431930542
3.0	3.2449488639831543
2.0	2.5187554359436035
3.0	3.2291712760925293
2.0	2.902613401412964
2.0	2.9923110008239746
4.0	3.380575656890869
4.0	3.491955518722534
3.0	3.2601101398468018
4.0	3.295875072479248
2.0	3.0213186740875244
4.0	3.138619899749756
3.0	3.120039939880371
2.0	3.170025110244751
3.0	3.2561867237091064
2.0	3.000946521759033
2.0	2.9113950729370117
3.0	2.928805112838745
4.0	3.2681808471679688
2.0	2.3530468940734863
1.0	1.9995205402374268
2.0	2.217470645904541
3.0	2.902026653289795
4.0	2.967020273208618
3.0	3.250795602798462
1.0	2.219221591949463
1.0	2.474865198135376
2.0	2.693763494491577
3.0	2.9537277221679688
2.0	2.227001190185547
1.0	1.971867561340332
3.0	3.2286219596862793
3.0	2.563102960586548
3.0	3.306220054626465
2.0	2.8323559761047363
2.0	2.447925090789795
2.0	2.8581933975219727
2.0	2.934833288192749
4.0	3.396153688430786
3.0	2.632406234741211
3.0	3.2104625701904297
3.0	3.3108530044555664
3.0	2.78902530670166
3.0	3.1387197971343994
3.0	2.705789804458618
3.0	3.0013322830200195
3.0	2.812229633331299
3.0	2.7526915073394775
3.0	3.1953492164611816
4.0	3.0947039127349854
3.0	2.719794511795044
3.0	2.8774735927581787
2.0	2.1299285888671875
4.0	3.3726577758789062
3.0	3.164649486541748
4.0	3.1395514011383057
4.0	3.031245231628418
3.0	2.7659053802490234
4.0	3.153285026550293
4.0	3.3083701133728027
4.0	3.2604575157165527
3.0	3.063633441925049
4.0	3.1626219749450684
4.0	3.286235809326172
3.0	3.254521608352661
3.0	2.936248540878296
3.0	2.874412775039673
4.0	3.0459237098693848
3.0	3.2376976013183594
3.0	2.8723056316375732
4.0	3.130784034729004
3.0	2.966331720352173
4.0	3.092982292175293
3.0	2.8034415245056152
3.0	3.1740810871124268
3.0	3.3554656505584717
4.0	3.2145485877990723
3.0	3.1463143825531006
4.0	2.972971200942993
4.0	3.391082525253296
3.0	2.713426351547241
2.0	1.690675973892212
3.0	2.4982423782348633
3.0	3.0258939266204834
3.0	3.4001429080963135
3.0	3.1628501415252686
4.0	2.9442765712738037
3.0	3.3738348484039307
3.0	2.4688539505004883
3.0	2.4492483139038086
4.0	2.8407604694366455
3.0	3.4042205810546875
2.0	2.2972114086151123
1.0	2.2985599040985107
3.0	3.0957069396972656
3.0	3.1151206493377686
4.0	3.254446506500244
4.0	3.0810956954956055
3.0	2.610653877258301
4.0	2.917175769805908
4.0	3.283576726913452
3.0	2.6288416385650635
3.0	2.7786529064178467
3.0	3.153667449951172
3.0	2.867922306060791
5.0	3.419523000717163
4.0	3.3094067573547363
3.0	3.2037057876586914
3.0	2.8153879642486572
4.0	3.1628758907318115
4.0	3.3751933574676514
1.0	2.2110536098480225
4.0	2.809502601623535
4.0	3.0882396697998047
3.0	3.14560604095459
4.0	3.235793352127075
2.0	2.46328067779541
3.0	3.1489388942718506
3.0	3.1272153854370117
4.0	3.0880231857299805
2.0	2.976325511932373
3.0	2.936340570449829
3.0	3.0243749618530273
4.0	3.328352689743042
3.0	2.8412575721740723
4.0	3.2346205711364746
2.0	2.490286350250244
3.0	3.1467738151550293
3.0	3.200119972229004
3.0	3.079495429992676
4.0	3.142899751663208
3.0	2.6886115074157715
2.0	2.763986587524414
4.0	2.945523500442505
4.0	3.2458577156066895
4.0	3.0548043251037598
4.0	3.1926331520080566
3.0	3.173236131668091
3.0	3.095083475112915
3.0	2.9645957946777344
3.0	3.201176404953003
3.0	2.7966384887695312
3.0	3.2926177978515625
1.0	2.5092556476593018
2.0	3.1535134315490723
3.0	2.9353456497192383
3.0	3.32871413230896
3.0	3.2959046363830566
4.0	3.217238664627075
2.0	2.4408175945281982
3.0	3.31980562210083
4.0	3.2831008434295654
4.0	2.8927650451660156
4.0	3.202397346496582
2.0	3.3363709449768066
3.0	3.1996257305145264
2.0	2.2465317249298096
2.0	3.057699203491211
3.0	3.1677799224853516
3.0	2.7373149394989014
3.0	3.058150291442871
3.0	3.136150360107422
3.0	3.363582134246826
1.0	3.133435010910034
2.0	2.093489646911621
3.0	3.2052769660949707
2.0	2.564335584640503
3.0	3.1931021213531494
3.0	3.022670269012451
3.0	3.2220306396484375
4.0	3.356923818588257
1.0	1.805756688117981
3.0	2.80820894241333
4.0	3.289670944213867
2.0	2.755591869354248
0.0	1.2735297679901123
3.0	3.2746400833129883
4.0	3.2746474742889404
2.0	2.241095781326294
0.0	1.556247353553772
2.0	2.781073570251465
3.0	3.211094617843628
3.0	3.0594077110290527
4.0	3.357675790786743
2.0	2.136655807495117
3.0	2.918741226196289
3.0	3.088996410369873
3.0	3.2085814476013184
4.0	3.2409989833831787
3.0	3.3189830780029297
3.0	2.8798394203186035
1.0	1.6356894969940186
3.0	3.1459755897521973
1.0	2.205021858215332
3.0	3.2992563247680664
3.0	3.169517993927002
4.0	3.10489821434021
3.0	3.2615578174591064
2.0	2.2687020301818848
3.0	3.202483892440796
4.0	3.2879345417022705
2.0	3.111011266708374
2.0	3.1809651851654053
2.0	3.1912081241607666
3.0	3.179450273513794
3.0	3.2352092266082764
1.0	2.220360517501831
2.0	3.298687696456909
3.0	2.9309256076812744
2.0	2.940753936767578
3.0	3.165670156478882
4.0	3.2106642723083496
2.0	3.416470766067505
3.0	3.206284284591675
2.0	2.2064812183380127
4.0	3.2728159427642822
4.0	3.276742458343506
3.0	3.2134881019592285
3.0	2.841123580932617
2.0	2.940037727355957
2.0	3.275268077850342
4.0	3.1742258071899414
3.0	3.0870423316955566
2.0	2.637965440750122
3.0	3.20485520362854
4.0	3.288707733154297
4.0	3.335017681121826
3.0	3.143568754196167
3.0	3.063563346862793
2.0	2.9113070964813232
3.0	3.0785229206085205
2.0	2.537365198135376
3.0	3.2978575229644775
4.0	3.1854403018951416
4.0	3.215794563293457
3.0	2.8587656021118164
4.0	3.077026605606079
3.0	2.863530397415161
3.0	2.903684616088867
2.0	2.788296699523926
3.0	3.3192970752716064
4.0	3.1317427158355713
3.0	3.2588579654693604
3.0	3.2580432891845703
4.0	3.3113672733306885
4.0	3.317413091659546
3.0	3.284010171890259
2.0	2.7248952388763428
3.0	3.108551263809204
3.0	3.2107532024383545
4.0	3.281409740447998
4.0	3.083982229232788
3.0	2.7137844562530518
2.0	2.764596700668335
3.0	3.0665340423583984
3.0	3.2315502166748047
2.0	2.6747851371765137
3.0	3.2065093517303467
2.0	2.395930290222168
3.0	3.355164051055908
3.0	2.868778705596924
3.0	3.1322710514068604
2.0	2.9250237941741943
2.0	2.231570243835449
3.0	3.0494537353515625
4.0	3.279040813446045
2.0	2.6510939598083496
2.0	2.6678309440612793
3.0	3.2296643257141113
3.0	2.9144489765167236
2.0	2.6312003135681152
4.0	3.3226566314697266
