label	pred
4.0	4.899905204772949
5.0	6.143423557281494
5.0	5.846299648284912
4.0	5.362367630004883
3.0	4.328364849090576
3.0	4.234910011291504
1.0	1.778132677078247
3.0	4.132814407348633
3.0	4.0091233253479
2.0	3.17986798286438
3.0	4.233805179595947
3.0	4.394838333129883
4.0	5.238322734832764
2.0	3.0578489303588867
1.0	1.8834576606750488
4.0	4.827653884887695
3.0	3.9596006870269775
4.0	5.046078681945801
3.0	4.231184005737305
2.0	3.389801502227783
1.0	1.815875768661499
3.0	4.148557186126709
2.0	3.0791733264923096
3.0	4.165385723114014
3.0	4.363501071929932
3.0	3.9139041900634766
3.0	4.02945613861084
3.0	3.999034881591797
3.0	4.21004581451416
4.0	5.080425262451172
4.0	4.801330089569092
3.0	4.020312786102295
2.0	2.936124801635742
3.0	4.004595756530762
3.0	3.7590131759643555
3.0	3.7143781185150146
0.0	0.5752941370010376
4.0	5.002949237823486
3.0	4.1504902839660645
4.0	4.695693016052246
4.0	4.775139808654785
4.0	4.659926414489746
4.0	4.732541084289551
4.0	4.6912126541137695
4.0	4.730649948120117
4.0	4.973763465881348
1.0	1.7093379497528076
3.0	4.027009010314941
2.0	3.042327404022217
3.0	3.6998496055603027
3.0	3.7515556812286377
4.0	4.824767112731934
3.0	3.8249671459198
3.0	3.6840758323669434
3.0	3.860640287399292
3.0	3.7021703720092773
2.0	2.3028645515441895
2.0	2.3430566787719727
3.0	3.40344500541687
3.0	3.803224802017212
2.0	2.4789204597473145
3.0	3.805858850479126
4.0	4.658474445343018
3.0	3.6646029949188232
1.0	1.4116592407226562
3.0	3.734009027481079
3.0	3.2174808979034424
3.0	3.302860736846924
3.0	3.7949514389038086
3.0	3.0829918384552
3.0	3.7086825370788574
3.0	3.0975351333618164
3.0	3.494445323944092
3.0	3.7118334770202637
3.0	3.2659189701080322
4.0	4.633538722991943
3.0	3.4153027534484863
3.0	3.5324463844299316
3.0	3.5696492195129395
4.0	4.528324127197266
4.0	4.510551452636719
4.0	4.280845642089844
2.0	2.1574647426605225
3.0	3.260213851928711
3.0	3.079463243484497
4.0	4.180595397949219
2.0	1.927375316619873
3.0	3.2931313514709473
3.0	3.0741307735443115
1.0	0.8595309257507324
4.0	3.8912696838378906
1.0	0.9713934659957886
3.0	3.208580493927002
3.0	3.158177137374878
3.0	3.416762590408325
2.0	1.6442455053329468
4.0	3.696049451828003
3.0	2.9344706535339355
3.0	2.982083797454834
3.0	3.5544180870056152
3.0	3.722007989883423
3.0	3.2210171222686768
3.0	3.2656705379486084
3.0	3.232686758041382
3.0	3.367335319519043
4.0	4.345442295074463
3.0	3.35237193107605
2.0	1.3342881202697754
3.0	3.4140539169311523
4.0	4.327255725860596
4.0	4.218189716339111
4.0	4.5095906257629395
4.0	4.432663440704346
3.0	3.3551888465881348
4.0	4.361772060394287
4.0	4.04948616027832
4.0	4.389010906219482
4.0	4.1078643798828125
3.0	3.1135220527648926
4.0	3.9952194690704346
4.0	4.3918867111206055
4.0	4.1771135330200195
4.0	4.204256057739258
4.0	4.269804000854492
5.0	5.23991060256958
5.0	4.862639904022217
3.0	3.326557159423828
4.0	4.207058429718018
4.0	4.650420665740967
1.0	0.5351359844207764
3.0	3.188884735107422
4.0	4.510848522186279
2.0	2.1998400688171387
3.0	3.273059368133545
3.0	2.9209446907043457
4.0	4.352386474609375
3.0	3.3347628116607666
2.0	1.7764173746109009
3.0	3.5131406784057617
3.0	2.875725746154785
3.0	3.3339412212371826
4.0	4.571902751922607
0.0	-0.11393609642982483
2.0	1.7628401517868042
4.0	4.0272088050842285
3.0	3.2209601402282715
4.0	4.217215538024902
3.0	2.899256467819214
3.0	3.4787673950195312
4.0	4.107845306396484
4.0	4.335834503173828
3.0	3.2611331939697266
3.0	3.375518321990967
4.0	4.331879615783691
1.0	1.0260679721832275
3.0	3.1407980918884277
4.0	4.002212047576904
4.0	4.6981658935546875
4.0	4.437513828277588
5.0	4.944151401519775
3.0	3.0584399700164795
4.0	4.611111164093018
1.0	0.47755464911460876
3.0	3.070951223373413
3.0	3.093949556350708
4.0	4.2228922843933105
3.0	3.590813398361206
3.0	3.273127317428589
3.0	3.1310720443725586
2.0	2.0535151958465576
4.0	4.191572189331055
3.0	3.3814477920532227
1.0	0.7122079730033875
4.0	4.499124050140381
3.0	3.46248459815979
3.0	3.335193157196045
4.0	4.663241386413574
3.0	3.653886079788208
2.0	1.7480461597442627
3.0	3.1230502128601074
2.0	1.5167064666748047
2.0	2.062791109085083
3.0	3.1079421043395996
4.0	4.509239196777344
3.0	3.399996757507324
2.0	1.7073516845703125
3.0	2.9393160343170166
2.0	1.9037047624588013
3.0	3.2310268878936768
2.0	2.3675739765167236
2.0	1.625657320022583
2.0	2.46441388130188
1.0	0.6281272172927856
2.0	1.9013755321502686
3.0	3.260158061981201
4.0	4.452895641326904
3.0	3.722791910171509
2.0	2.16208815574646
3.0	3.2482643127441406
3.0	3.421391487121582
2.0	2.067457437515259
2.0	2.1826586723327637
3.0	3.2795827388763428
3.0	3.3869717121124268
1.0	0.5353017449378967
3.0	3.751269578933716
3.0	2.8699138164520264
2.0	2.1601662635803223
3.0	3.920976161956787
3.0	3.2997143268585205
2.0	1.9602465629577637
3.0	3.2710227966308594
2.0	2.1654624938964844
2.0	2.06321120262146
4.0	4.654529571533203
3.0	3.8720598220825195
4.0	5.043301582336426
3.0	3.8611338138580322
2.0	1.759443759918213
2.0	1.9361082315444946
2.0	2.422788619995117
3.0	3.5472633838653564
2.0	2.2914674282073975
1.0	0.559228241443634
2.0	2.386003255844116
2.0	2.0234532356262207
3.0	3.413377046585083
2.0	2.191913604736328
2.0	2.0222408771514893
2.0	2.1433217525482178
3.0	3.389381170272827
3.0	3.2306153774261475
1.0	1.5125885009765625
1.0	1.0841652154922485
2.0	2.0911762714385986
1.0	0.5203278064727783
2.0	2.4380671977996826
3.0	3.88852596282959
2.0	1.7752785682678223
1.0	1.1040704250335693
0.0	-0.20436954498291016
2.0	2.1786258220672607
2.0	2.5184595584869385
3.0	3.35874080657959
2.0	2.076714515686035
4.0	4.882058143615723
2.0	2.9763076305389404
1.0	1.3838074207305908
2.0	2.614203453063965
3.0	3.290097713470459
3.0	4.286705017089844
4.0	4.540657043457031
2.0	2.4564225673675537
3.0	3.823288917541504
1.0	1.456976056098938
1.0	1.0449724197387695
2.0	2.3571128845214844
2.0	2.56948184967041
3.0	3.9779250621795654
4.0	4.929421424865723
3.0	4.005542755126953
3.0	3.7102596759796143
3.0	4.067718982696533
2.0	2.621600866317749
3.0	3.7278387546539307
1.0	1.406480073928833
4.0	4.956884860992432
4.0	4.933074951171875
4.0	4.983728408813477
3.0	3.6394689083099365
3.0	3.7835988998413086
4.0	4.691476821899414
3.0	4.081664085388184
3.0	4.1502861976623535
2.0	2.1856772899627686
2.0	2.3883893489837646
3.0	4.058640956878662
4.0	4.811146259307861
2.0	2.2661643028259277
3.0	3.2443454265594482
4.0	5.103608131408691
3.0	4.042611598968506
4.0	4.923440456390381
2.0	2.4535927772521973
3.0	4.1204023361206055
3.0	3.9690968990325928
3.0	3.062349557876587
4.0	4.6894683837890625
3.0	3.719761610031128
3.0	4.137155532836914
3.0	3.54811692237854
3.0	3.48262357711792
2.0	2.212862253189087
3.0	3.71569561958313
2.0	2.582597017288208
2.0	2.5265257358551025
2.0	2.295588493347168
3.0	3.314828634262085
1.0	1.2909533977508545
1.0	1.1430264711380005
4.0	4.615608215332031
5.0	5.778525352478027
4.0	4.5378007888793945
3.0	3.4742515087127686
3.0	3.760348320007324
3.0	3.541055917739868
3.0	3.750960111618042
3.0	3.2705771923065186
4.0	4.808357238769531
3.0	3.5141477584838867
3.0	3.908255100250244
3.0	3.7004804611206055
1.0	1.2810057401657104
2.0	2.4012699127197266
3.0	3.3961503505706787
3.0	3.4942212104797363
2.0	2.3358113765716553
1.0	1.5296739339828491
2.0	2.243412494659424
1.0	1.463672399520874
3.0	3.6134209632873535
3.0	3.9252400398254395
3.0	3.3373241424560547
2.0	2.8123855590820312
4.0	4.659154891967773
4.0	4.842638969421387
1.0	1.3684090375900269
3.0	3.619396924972534
3.0	3.6668949127197266
3.0	3.7696526050567627
3.0	3.849562406539917
3.0	3.4773495197296143
0.0	0.1366954743862152
4.0	4.959031581878662
3.0	3.603489637374878
5.0	5.589083194732666
4.0	4.607726097106934
3.0	3.8561017513275146
3.0	3.7072136402130127
3.0	3.7124762535095215
4.0	4.872443675994873
3.0	3.595284938812256
3.0	3.2860612869262695
2.0	2.083167552947998
3.0	3.9131808280944824
2.0	2.1486971378326416
3.0	3.539777994155884
4.0	4.648433208465576
4.0	5.125442981719971
3.0	3.872562885284424
4.0	4.508033275604248
4.0	4.803648948669434
3.0	3.4122936725616455
3.0	3.847909688949585
2.0	2.6883387565612793
2.0	2.4984705448150635
3.0	3.5841593742370605
1.0	1.426347017288208
3.0	3.834402084350586
4.0	4.633637428283691
