label	pred
3.0	2.958357810974121
4.0	3.42236590385437
4.0	3.2471208572387695
4.0	2.808500051498413
3.0	3.1196887493133545
2.0	2.4306254386901855
1.0	1.0591906309127808
2.0	2.6687257289886475
2.0	2.6463122367858887
3.0	3.298858880996704
3.0	2.8311727046966553
2.0	3.3333911895751953
3.0	3.4141972064971924
2.0	2.0679211616516113
1.0	2.008335828781128
3.0	3.1287972927093506
3.0	3.3904948234558105
3.0	3.0790209770202637
3.0	2.925352096557617
2.0	2.2114057540893555
1.0	2.627187728881836
3.0	3.5399670600891113
1.0	2.674147367477417
2.0	2.7511515617370605
3.0	2.9198250770568848
2.0	2.442005157470703
4.0	2.689281463623047
2.0	2.8922102451324463
2.0	2.038114070892334
3.0	3.19565486907959
4.0	3.6570146083831787
2.0	2.783275842666626
2.0	2.0970382690429688
2.0	2.7344794273376465
3.0	3.2020998001098633
3.0	2.9922163486480713
0.0	0.7238014936447144
3.0	3.319629430770874
3.0	2.7053494453430176
3.0	2.8859307765960693
4.0	3.6595966815948486
3.0	3.12005352973938
2.0	2.7314846515655518
2.0	2.4505615234375
3.0	3.2637863159179688
3.0	3.264312744140625
1.0	1.4004701375961304
3.0	3.0634405612945557
2.0	1.9784674644470215
1.0	1.5706344842910767
2.0	2.5941708087921143
3.0	3.4205503463745117
2.0	2.3853538036346436
2.0	2.6567816734313965
2.0	2.3630409240722656
2.0	2.586080551147461
3.0	3.0017168521881104
1.0	1.8349757194519043
3.0	2.8383982181549072
3.0	2.7171366214752197
3.0	2.9478554725646973
2.0	2.6600451469421387
3.0	2.7203304767608643
2.0	2.7244253158569336
1.0	1.3368175029754639
3.0	3.0382089614868164
3.0	3.4525725841522217
3.0	3.416618585586548
3.0	3.044222831726074
3.0	3.1785545349121094
2.0	2.4088497161865234
3.0	2.954882860183716
3.0	2.5174648761749268
2.0	2.5671541690826416
3.0	2.737934112548828
3.0	3.0380775928497314
3.0	2.7641828060150146
3.0	3.0125961303710938
2.0	2.6583809852600098
3.0	2.974874973297119
2.0	2.503119468688965
2.0	2.7055344581604004
1.0	1.2382887601852417
3.0	2.8647189140319824
2.0	2.7820539474487305
4.0	3.318361759185791
2.0	2.578293800354004
3.0	2.676114559173584
2.0	2.8941001892089844
1.0	1.048835039138794
3.0	3.0578691959381104
1.0	1.6740622520446777
3.0	2.824856758117676
3.0	2.627162456512451
3.0	3.0757334232330322
2.0	2.7160706520080566
3.0	3.147658109664917
1.0	1.6146434545516968
3.0	2.515249252319336
2.0	2.0679991245269775
2.0	2.3513431549072266
2.0	2.7290854454040527
2.0	2.609560966491699
4.0	3.258272171020508
2.0	2.0565733909606934
3.0	2.761385917663574
3.0	2.7947990894317627
3.0	2.529141664505005
3.0	2.670142650604248
3.0	3.1469156742095947
3.0	2.878105401992798
4.0	3.3027122020721436
3.0	2.6393821239471436
2.0	2.5336661338806152
3.0	2.9402878284454346
4.0	3.173771381378174
3.0	3.6575281620025635
2.0	2.4283559322357178
2.0	3.3833017349243164
2.0	2.8364336490631104
3.0	2.677908420562744
3.0	3.1495540142059326
3.0	3.0746190547943115
3.0	3.0808348655700684
3.0	3.11873459815979
3.0	3.057267427444458
2.0	2.660768985748291
3.0	2.916779041290283
4.0	3.3046932220458984
1.0	1.2629154920578003
3.0	2.380110025405884
3.0	2.9943015575408936
2.0	2.305018424987793
2.0	2.561650037765503
3.0	2.899369478225708
3.0	3.33703875541687
3.0	2.6534740924835205
1.0	1.443140983581543
3.0	2.5063047409057617
3.0	2.948371171951294
3.0	2.7009835243225098
4.0	3.25089168548584
0.0	0.7892866134643555
2.0	2.2771458625793457
4.0	3.424699068069458
3.0	2.697817087173462
4.0	3.5630831718444824
3.0	3.0509676933288574
3.0	3.121461868286133
3.0	2.870608329772949
3.0	2.9100570678710938
3.0	2.693470001220703
3.0	2.5042531490325928
3.0	3.2031006813049316
2.0	1.0780823230743408
2.0	2.446564197540283
4.0	3.0385992527008057
3.0	2.755725860595703
3.0	2.9480068683624268
4.0	3.084944486618042
3.0	3.7751076221466064
3.0	2.825857400894165
1.0	1.2019109725952148
3.0	2.8766040802001953
3.0	2.0506670475006104
3.0	3.0940990447998047
3.0	2.909662961959839
3.0	2.847477674484253
2.0	2.8042008876800537
2.0	2.260946750640869
4.0	3.695594549179077
3.0	2.655543327331543
1.0	1.0163629055023193
3.0	2.7648708820343018
3.0	2.6540164947509766
3.0	2.626401424407959
3.0	2.896615982055664
2.0	2.0547947883605957
2.0	1.8976030349731445
3.0	3.09900164604187
2.0	1.9137861728668213
2.0	1.8662186861038208
3.0	3.1692113876342773
4.0	3.6740365028381348
2.0	2.9586868286132812
2.0	1.8708990812301636
3.0	3.1562819480895996
2.0	2.0255703926086426
3.0	2.8985869884490967
2.0	1.742187738418579
2.0	2.3399546146392822
2.0	2.496572732925415
1.0	1.2754132747650146
3.0	3.230027675628662
3.0	3.2245731353759766
3.0	3.3185067176818848
3.0	2.6479992866516113
2.0	2.0846452713012695
4.0	3.4799299240112305
3.0	3.1974987983703613
3.0	2.5186784267425537
2.0	2.078622341156006
2.0	2.102714776992798
3.0	2.7410635948181152
1.0	1.1177444458007812
3.0	2.8819477558135986
3.0	3.393592119216919
2.0	2.06044340133667
3.0	2.653686285018921
2.0	2.7247118949890137
2.0	1.4087109565734863
3.0	3.1641201972961426
3.0	2.572464942932129
3.0	2.6405656337738037
4.0	3.3846142292022705
3.0	2.6819474697113037
3.0	3.1684584617614746
1.0	1.7942136526107788
3.0	2.460695266723633
2.0	2.1345627307891846
2.0	2.6237542629241943
2.0	2.501955986022949
2.0	2.458629846572876
1.0	1.1632106304168701
2.0	2.413083076477051
2.0	2.2750914096832275
3.0	3.1508772373199463
2.0	2.589548110961914
2.0	2.297846794128418
3.0	2.8766915798187256
2.0	2.574986219406128
4.0	3.482268810272217
2.0	2.300055980682373
1.0	2.062286615371704
3.0	2.9534828662872314
2.0	2.125319004058838
2.0	2.1192336082458496
3.0	2.9854609966278076
4.0	3.4228708744049072
1.0	0.7567654848098755
1.0	1.4605661630630493
2.0	2.471245527267456
2.0	2.3127171993255615
3.0	3.010382652282715
3.0	2.976154327392578
2.0	2.7499752044677734
2.0	1.697628378868103
1.0	1.5247304439544678
2.0	2.543473243713379
2.0	2.9898436069488525
3.0	2.6127045154571533
4.0	3.662175178527832
3.0	2.9525954723358154
3.0	3.0707623958587646
1.0	1.4092490673065186
3.0	2.3583755493164062
2.0	2.7989532947540283
1.0	1.9951012134552002
2.0	2.6638429164886475
3.0	3.226754665374756
2.0	1.8412189483642578
3.0	2.915771484375
4.0	2.9614505767822266
2.0	2.2257440090179443
3.0	2.669370412826538
1.0	1.2523895502090454
3.0	2.860582113265991
4.0	3.78031849861145
3.0	2.664327621459961
2.0	2.672858715057373
3.0	3.0677716732025146
2.0	3.1838088035583496
2.0	2.707003593444824
2.0	2.51310658454895
3.0	3.3467249870300293
2.0	2.0145697593688965
3.0	3.1994564533233643
3.0	2.8557307720184326
2.0	2.2563130855560303
3.0	3.1910336017608643
2.0	2.7421154975891113
2.0	2.7347748279571533
3.0	3.387554407119751
3.0	2.574037790298462
2.0	2.228991985321045
3.0	3.2265636920928955
4.0	3.7495763301849365
3.0	3.3342695236206055
2.0	2.280648708343506
2.0	2.3964197635650635
3.0	2.8076326847076416
3.0	2.9570705890655518
2.0	2.0115928649902344
3.0	3.5035340785980225
3.0	2.436750888824463
2.0	2.1235899925231934
2.0	2.0347537994384766
3.0	3.5061826705932617
0.0	1.210317850112915
0.0	1.114020824432373
3.0	2.8981330394744873
3.0	2.86586856842041
4.0	3.809814453125
3.0	3.080352544784546
3.0	2.4918370246887207
3.0	2.8543875217437744
3.0	3.0119707584381104
2.0	2.624987840652466
3.0	3.0904486179351807
3.0	2.87216854095459
3.0	2.6257779598236084
2.0	2.8423914909362793
0.0	1.630723237991333
2.0	1.307314157485962
3.0	3.3843116760253906
2.0	3.279660940170288
2.0	2.663952589035034
1.0	1.6425275802612305
2.0	2.1417129039764404
2.0	2.162447452545166
3.0	3.3822991847991943
2.0	2.584200859069824
4.0	3.4565281867980957
1.0	1.7304866313934326
3.0	2.794527530670166
2.0	2.796243906021118
2.0	2.4590933322906494
2.0	2.726081132888794
2.0	2.594689130783081
3.0	3.1744143962860107
3.0	2.81630277633667
3.0	2.6599464416503906
0.0	0.9677199125289917
3.0	3.3576271533966064
2.0	2.1183571815490723
4.0	3.5192713737487793
3.0	3.142807722091675
3.0	3.216939926147461
2.0	2.6629257202148438
3.0	2.759244203567505
2.0	2.7690775394439697
3.0	2.8807480335235596
2.0	2.2821779251098633
2.0	2.4014086723327637
3.0	2.930232524871826
3.0	2.651893377304077
2.0	3.1629550457000732
3.0	2.970989227294922
4.0	3.030726671218872
3.0	2.8824801445007324
2.0	2.762996196746826
3.0	2.936493158340454
3.0	3.3365588188171387
3.0	2.710862398147583
2.0	2.165297031402588
2.0	2.3708508014678955
2.0	2.1673903465270996
0.0	1.2415248155593872
2.0	2.500433921813965
3.0	3.308258295059204
