label	pred
4.0	3.4762368202209473
1.0	2.6831233501434326
4.0	3.7850019931793213
4.0	3.7630579471588135
3.0	3.217435359954834
2.0	2.64237380027771
2.0	2.928562879562378
2.0	2.6462643146514893
2.0	2.786842107772827
3.0	3.4047553539276123
3.0	3.39314866065979
3.0	3.4904396533966064
3.0	2.892226219177246
3.0	3.4068071842193604
3.0	3.0620012283325195
4.0	4.156056880950928
2.0	2.3468658924102783
3.0	3.058769464492798
3.0	3.1302130222320557
3.0	3.4564638137817383
4.0	4.045047760009766
3.0	3.0990219116210938
2.0	2.8996171951293945
3.0	3.212808132171631
4.0	4.192829132080078
4.0	4.033339977264404
1.0	2.637357473373413
2.0	2.867626667022705
3.0	4.095305442810059
2.0	3.056602716445923
3.0	3.5600006580352783
3.0	3.5617754459381104
3.0	3.3986165523529053
2.0	2.5638694763183594
3.0	3.118074417114258
2.0	3.1167118549346924
1.0	2.176213026046753
3.0	3.3409852981567383
3.0	3.1439719200134277
3.0	3.507528781890869
3.0	3.265554189682007
2.0	2.9509475231170654
4.0	4.26315975189209
1.0	2.207091808319092
3.0	3.5177876949310303
3.0	3.759784698486328
3.0	3.111666202545166
2.0	2.848541736602783
4.0	3.8986356258392334
3.0	3.3309364318847656
4.0	3.9736273288726807
3.0	3.284658908843994
3.0	3.657421827316284
4.0	4.217026710510254
4.0	4.222715377807617
3.0	3.7488491535186768
4.0	4.51287841796875
4.0	3.9493165016174316
4.0	3.966143846511841
3.0	3.8118884563446045
3.0	3.3907859325408936
2.0	2.6980743408203125
3.0	3.343374013900757
4.0	4.36210823059082
2.0	3.3600895404815674
4.0	4.181772232055664
3.0	3.4366838932037354
3.0	3.4169297218322754
2.0	2.634681224822998
4.0	3.990079402923584
4.0	4.045827865600586
3.0	3.6138107776641846
3.0	3.050344705581665
3.0	3.142531633377075
3.0	3.115143299102783
3.0	3.5410470962524414
3.0	3.144228458404541
3.0	3.567465305328369
3.0	3.4344828128814697
4.0	3.3753674030303955
3.0	3.610414743423462
2.0	2.4368226528167725
4.0	4.005595684051514
3.0	3.339996576309204
3.0	3.3276522159576416
3.0	3.582653522491455
4.0	4.148258686065674
2.0	2.1891214847564697
3.0	3.1321842670440674
3.0	3.237945556640625
4.0	3.80576753616333
3.0	3.675607442855835
3.0	3.2253000736236572
4.0	4.073362827301025
3.0	3.3145408630371094
4.0	4.157478332519531
3.0	3.103710651397705
3.0	2.995887517929077
3.0	3.26120924949646
4.0	3.6748178005218506
4.0	4.452823638916016
3.0	3.0337071418762207
3.0	2.8984310626983643
2.0	2.150299072265625
3.0	3.3902227878570557
4.0	3.3586747646331787
2.0	2.7217986583709717
4.0	3.4436252117156982
3.0	3.326172113418579
3.0	2.6382644176483154
3.0	3.195434331893921
4.0	3.64292573928833
3.0	2.8916940689086914
2.0	2.5701370239257812
3.0	3.581312894821167
3.0	3.1360459327697754
3.0	3.097564458847046
3.0	3.1342194080352783
3.0	3.366788864135742
2.0	2.2636964321136475
3.0	2.880746364593506
4.0	3.8555126190185547
3.0	2.7304227352142334
3.0	3.1935677528381348
3.0	3.344318151473999
2.0	2.465785264968872
3.0	2.92728590965271
3.0	3.6489710807800293
4.0	3.81807541847229
4.0	3.869521379470825
3.0	3.2187082767486572
3.0	3.296006202697754
4.0	3.199294090270996
3.0	3.0207395553588867
4.0	3.887525796890259
4.0	3.6557323932647705
3.0	3.161363124847412
3.0	3.878880500793457
3.0	3.5526530742645264
3.0	3.606020450592041
3.0	3.464442729949951
2.0	2.616147756576538
4.0	4.163128852844238
3.0	3.3347225189208984
3.0	3.3761725425720215
3.0	2.9790453910827637
4.0	4.000564098358154
2.0	1.9290508031845093
4.0	4.0112810134887695
4.0	3.655127763748169
4.0	4.269178867340088
3.0	3.355686902999878
3.0	3.4415535926818848
3.0	3.2480275630950928
2.0	2.774449586868286
3.0	3.089503526687622
2.0	2.916755199432373
3.0	2.86319637298584
3.0	3.5051674842834473
4.0	4.036403179168701
3.0	3.4288222789764404
3.0	3.4744412899017334
1.0	2.7196929454803467
3.0	2.860551357269287
3.0	3.766322374343872
3.0	3.4015355110168457
3.0	3.551424741744995
4.0	3.928635835647583
3.0	3.319538116455078
3.0	3.0812337398529053
4.0	4.146000862121582
4.0	4.159238815307617
3.0	3.2066779136657715
2.0	2.9565353393554688
3.0	3.1941468715667725
4.0	4.193702697753906
3.0	3.8103106021881104
4.0	4.311944484710693
4.0	4.344700813293457
3.0	3.328061819076538
3.0	3.3315529823303223
1.0	1.5811084508895874
1.0	2.098618984222412
4.0	4.3995890617370605
1.0	2.362703561782837
1.0	1.7791783809661865
3.0	3.2379748821258545
4.0	3.7882509231567383
3.0	3.6239776611328125
4.0	4.265611171722412
4.0	4.439901828765869
2.0	2.810842752456665
4.0	4.608421325683594
2.0	2.8352596759796143
3.0	3.8536391258239746
2.0	3.030470848083496
3.0	3.281938076019287
3.0	3.19286847114563
4.0	3.8894331455230713
4.0	3.972283363342285
4.0	4.0538530349731445
3.0	3.715028762817383
3.0	3.38871693611145
3.0	3.47342848777771
3.0	3.3431007862091064
1.0	1.8691166639328003
3.0	3.5682456493377686
2.0	3.1372478008270264
3.0	3.0266237258911133
3.0	3.507418155670166
4.0	3.8537213802337646
3.0	3.135282516479492
3.0	3.6493797302246094
3.0	3.2655298709869385
4.0	3.7676992416381836
3.0	2.9886398315429688
3.0	3.1327080726623535
4.0	4.4467668533325195
3.0	3.0979130268096924
4.0	4.344698905944824
4.0	4.245279788970947
5.0	4.693188190460205
4.0	4.108272075653076
3.0	3.108952283859253
3.0	3.1009609699249268
3.0	3.0417771339416504
4.0	4.284243583679199
5.0	4.1000542640686035
3.0	3.2834997177124023
3.0	3.1562368869781494
4.0	4.072248458862305
3.0	2.824357032775879
4.0	3.829033374786377
3.0	3.09299373626709
4.0	3.9592676162719727
3.0	3.2645509243011475
3.0	3.1523497104644775
3.0	3.196282386779785
2.0	2.9859747886657715
3.0	3.1215643882751465
3.0	2.911207675933838
3.0	3.020084857940674
3.0	3.1037309169769287
3.0	2.9445455074310303
3.0	3.2979767322540283
3.0	3.446493148803711
3.0	2.8936257362365723
3.0	3.131023406982422
3.0	3.5178720951080322
3.0	3.1345057487487793
2.0	2.4919168949127197
3.0	3.569697618484497
2.0	2.8870701789855957
4.0	3.6833155155181885
2.0	2.836501359939575
3.0	3.1931636333465576
3.0	3.11311936378479
3.0	3.7633283138275146
4.0	3.7334816455841064
2.0	2.557467222213745
3.0	3.075432777404785
3.0	3.2448225021362305
3.0	3.281830310821533
3.0	3.0173158645629883
3.0	2.738212823867798
3.0	3.308804750442505
2.0	2.721139430999756
3.0	3.601132392883301
2.0	2.5684516429901123
2.0	2.533510208129883
2.0	2.9077978134155273
3.0	3.342592477798462
3.0	3.4316747188568115
3.0	3.0697638988494873
3.0	3.7620983123779297
2.0	2.507911443710327
1.0	1.876592993736267
3.0	3.671072483062744
3.0	3.4875149726867676
3.0	3.36171555519104
3.0	3.5525550842285156
3.0	3.095214605331421
3.0	3.453504800796509
3.0	3.172332525253296
3.0	3.106983184814453
4.0	3.8086905479431152
3.0	3.705493927001953
2.0	2.929150342941284
3.0	3.555091142654419
2.0	2.80967378616333
3.0	3.680049419403076
3.0	3.0379159450531006
3.0	3.3869616985321045
3.0	3.291513442993164
3.0	3.2885751724243164
3.0	3.3385446071624756
3.0	3.5268733501434326
3.0	3.3034911155700684
3.0	3.4250662326812744
2.0	2.580193519592285
3.0	3.9761080741882324
3.0	3.735687017440796
2.0	2.772083044052124
3.0	3.7530715465545654
3.0	3.736158609390259
3.0	4.2699294090271
2.0	2.515965461730957
3.0	3.6184000968933105
3.0	3.6552963256835938
3.0	3.24625563621521
1.0	1.8229835033416748
1.0	1.8026448488235474
3.0	3.5727109909057617
3.0	3.5452585220336914
3.0	3.5783417224884033
3.0	3.4806880950927734
3.0	3.6842427253723145
3.0	3.780977249145508
3.0	3.535613775253296
3.0	3.7529759407043457
3.0	3.537172794342041
3.0	3.283445119857788
2.0	3.1535520553588867
3.0	3.2508513927459717
3.0	3.670365810394287
3.0	3.5785481929779053
1.0	1.7118964195251465
4.0	4.491245746612549
4.0	4.567500114440918
3.0	3.6972923278808594
3.0	4.116722583770752
3.0	3.4470980167388916
3.0	4.156650066375732
2.0	2.8060853481292725
2.0	3.350658655166626
3.0	3.8100202083587646
3.0	3.512453556060791
3.0	3.7175047397613525
3.0	3.377462863922119
3.0	3.6053950786590576
3.0	3.3381855487823486
3.0	4.2142653465271
3.0	3.5045862197875977
3.0	3.3730998039245605
2.0	2.6885673999786377
2.0	2.576220989227295
4.0	4.279841423034668
2.0	2.7346694469451904
3.0	3.2129268646240234
2.0	3.011887550354004
2.0	2.594961643218994
3.0	3.6214754581451416
3.0	3.2756075859069824
3.0	3.7164230346679688
3.0	3.5322182178497314
3.0	3.530982494354248
2.0	2.639073371887207
3.0	3.546806573867798
3.0	4.083806991577148
3.0	3.380840301513672
