label	pred
4.0	4.968307971954346
5.0	5.721793174743652
5.0	5.750423431396484
4.0	4.876328945159912
3.0	3.7420494556427
3.0	4.19196081161499
1.0	2.30387806892395
3.0	4.05845832824707
3.0	4.062330722808838
2.0	2.934799909591675
3.0	4.141490936279297
3.0	4.088132858276367
4.0	4.882089138031006
2.0	3.2288448810577393
1.0	2.099902629852295
4.0	4.8548808097839355
3.0	4.16778039932251
4.0	5.124444007873535
3.0	4.03602409362793
2.0	3.29009747505188
1.0	1.931118130683899
3.0	4.284017562866211
2.0	3.2790355682373047
3.0	3.895860433578491
3.0	4.185669898986816
3.0	4.095895290374756
3.0	4.356123924255371
3.0	4.020535945892334
3.0	4.211994171142578
4.0	4.676825523376465
4.0	4.679490566253662
3.0	4.355201721191406
2.0	3.127483367919922
3.0	4.162235260009766
3.0	3.881228446960449
3.0	4.024313926696777
0.0	0.4833185374736786
4.0	4.773478031158447
3.0	3.909040689468384
4.0	4.8300299644470215
4.0	4.795882225036621
4.0	4.883770942687988
4.0	4.758828163146973
4.0	5.25910758972168
4.0	4.7851409912109375
4.0	4.766012191772461
1.0	1.589919090270996
3.0	3.9032864570617676
2.0	2.825327157974243
3.0	3.786886692047119
3.0	3.823707342147827
4.0	4.6764817237854
3.0	3.7991795539855957
3.0	3.538428544998169
3.0	3.565445899963379
3.0	3.733203649520874
2.0	2.704355001449585
2.0	2.2935049533843994
3.0	3.7155096530914307
3.0	3.428725481033325
2.0	2.5465428829193115
3.0	3.5050370693206787
4.0	4.819401741027832
3.0	3.2971577644348145
1.0	1.3165193796157837
3.0	3.456768274307251
3.0	3.2465927600860596
3.0	3.62455677986145
3.0	3.274074077606201
3.0	3.248094320297241
3.0	3.6311192512512207
3.0	3.288238763809204
3.0	3.583177328109741
3.0	3.4937078952789307
3.0	3.4971420764923096
4.0	4.554423809051514
3.0	3.2913994789123535
3.0	3.5214626789093018
3.0	3.219444990158081
4.0	4.2270941734313965
4.0	4.447422981262207
4.0	4.400449275970459
2.0	2.3559138774871826
3.0	3.282498598098755
3.0	3.1376330852508545
4.0	4.2169036865234375
2.0	2.200028657913208
3.0	3.238854169845581
3.0	3.5832574367523193
1.0	1.036794662475586
4.0	4.762583255767822
1.0	0.9471641182899475
3.0	3.190445899963379
3.0	3.3723933696746826
3.0	3.202728271484375
2.0	1.5182830095291138
4.0	4.513932704925537
3.0	3.231391668319702
3.0	3.491605281829834
3.0	2.912487745285034
3.0	3.2595701217651367
3.0	2.8110125064849854
3.0	3.1535515785217285
3.0	3.635594367980957
3.0	3.1458187103271484
4.0	4.429959774017334
3.0	2.745358467102051
2.0	1.882556438446045
3.0	3.5442986488342285
4.0	4.201747417449951
4.0	4.313080310821533
4.0	4.293848514556885
4.0	3.9886562824249268
3.0	3.1715786457061768
4.0	4.450535297393799
4.0	4.269758701324463
4.0	4.407805442810059
4.0	4.28259801864624
3.0	2.6879465579986572
4.0	4.399939060211182
4.0	4.571313858032227
4.0	4.29388427734375
4.0	4.217959880828857
4.0	3.9076802730560303
5.0	4.918684005737305
5.0	5.436954975128174
3.0	2.7093567848205566
4.0	4.189584732055664
4.0	4.319925308227539
1.0	0.6955272555351257
3.0	2.94445538520813
4.0	3.9822587966918945
2.0	1.7398977279663086
3.0	2.760666608810425
3.0	2.891247034072876
4.0	4.428744316101074
3.0	3.156402826309204
2.0	1.9005321264266968
3.0	2.7804460525512695
3.0	2.867173194885254
3.0	2.909221887588501
4.0	3.9847400188446045
0.0	0.2927609384059906
2.0	1.2949016094207764
4.0	4.06913948059082
3.0	3.498950958251953
4.0	4.258336067199707
3.0	2.9578933715820312
3.0	3.0596792697906494
4.0	4.178937911987305
4.0	4.424755096435547
3.0	3.107661008834839
3.0	2.5605247020721436
4.0	4.076383590698242
1.0	0.6282190680503845
3.0	2.8502206802368164
4.0	4.071928024291992
4.0	4.47456169128418
4.0	4.617088317871094
5.0	5.329448699951172
3.0	3.1035187244415283
4.0	4.1956562995910645
1.0	0.7093122601509094
3.0	2.9790894985198975
3.0	3.3957393169403076
4.0	4.3992767333984375
3.0	3.0610225200653076
3.0	3.178389549255371
3.0	3.3557727336883545
2.0	1.8799505233764648
4.0	4.48412561416626
3.0	3.1165826320648193
1.0	0.7528175711631775
4.0	4.3647918701171875
3.0	3.0676748752593994
3.0	3.1101982593536377
4.0	4.534508228302002
3.0	2.9228286743164062
2.0	2.0813465118408203
3.0	3.0708866119384766
2.0	1.765366792678833
2.0	1.928532600402832
3.0	3.166064977645874
4.0	4.4059624671936035
3.0	3.602060079574585
2.0	2.4967010021209717
3.0	2.807562828063965
2.0	1.8634111881256104
3.0	2.6789708137512207
2.0	1.9717822074890137
2.0	1.941932201385498
2.0	1.983219861984253
1.0	1.023681640625
2.0	1.877769947052002
3.0	3.582202196121216
4.0	4.57029914855957
3.0	3.58813738822937
2.0	1.981096625328064
3.0	3.246295213699341
3.0	3.3246543407440186
2.0	2.0448200702667236
2.0	2.1798086166381836
3.0	3.403787851333618
3.0	3.4440348148345947
1.0	0.9818301796913147
3.0	3.333508253097534
3.0	3.4672024250030518
2.0	2.303950309753418
3.0	3.1704275608062744
3.0	3.1797306537628174
2.0	2.338413953781128
3.0	3.2407336235046387
2.0	1.7775142192840576
2.0	2.0720081329345703
4.0	4.703795433044434
3.0	3.5365521907806396
4.0	4.710992336273193
3.0	3.760171413421631
2.0	2.199620485305786
2.0	2.116527795791626
2.0	2.334930181503296
3.0	3.687175989151001
2.0	1.859133243560791
1.0	1.2317856550216675
2.0	2.224876642227173
2.0	2.3776307106018066
3.0	3.556245803833008
2.0	2.4982857704162598
2.0	2.337803840637207
2.0	1.968078851699829
3.0	3.7095587253570557
3.0	3.572812557220459
1.0	1.438825249671936
1.0	1.5008589029312134
2.0	2.0118801593780518
1.0	1.4358984231948853
2.0	2.48030686378479
3.0	3.7257978916168213
2.0	1.8562690019607544
1.0	1.217075228691101
0.0	0.6089566349983215
2.0	2.3173463344573975
2.0	2.8561909198760986
3.0	4.023802757263184
2.0	2.208348512649536
4.0	4.866596698760986
2.0	2.522780418395996
1.0	1.7299059629440308
2.0	2.1062591075897217
3.0	3.5597455501556396
3.0	3.940918207168579
4.0	4.831711769104004
2.0	3.0312917232513428
3.0	3.9149091243743896
1.0	1.5796443223953247
1.0	1.6994084119796753
2.0	2.442891836166382
2.0	2.5248477458953857
3.0	4.102698802947998
4.0	4.979924201965332
3.0	3.9121639728546143
3.0	3.777615785598755
3.0	3.6962435245513916
2.0	2.4551143646240234
3.0	3.8396472930908203
1.0	1.5152820348739624
4.0	4.846851348876953
4.0	4.8378143310546875
4.0	4.8722028732299805
3.0	3.7285919189453125
3.0	3.78009033203125
4.0	4.922792911529541
3.0	3.8133397102355957
3.0	4.033226013183594
2.0	2.3508832454681396
2.0	2.564072370529175
3.0	3.8707239627838135
4.0	4.821577548980713
2.0	2.9146173000335693
3.0	3.8083250522613525
4.0	5.198393821716309
3.0	3.947113275527954
4.0	4.982119560241699
2.0	2.503964424133301
3.0	3.7704179286956787
3.0	3.735680103302002
3.0	3.414635419845581
4.0	4.832256317138672
3.0	3.9344141483306885
3.0	4.132028102874756
3.0	3.656351089477539
3.0	3.8567357063293457
2.0	2.7417757511138916
3.0	4.032028675079346
2.0	2.7669379711151123
2.0	2.7855064868927
2.0	2.699073076248169
3.0	3.729384422302246
1.0	1.389145016670227
1.0	1.5585603713989258
4.0	4.752180099487305
5.0	5.600588798522949
4.0	4.862381935119629
3.0	3.987391710281372
3.0	4.143378257751465
3.0	3.889047622680664
3.0	3.579694986343384
3.0	3.7523353099823
4.0	5.007870674133301
3.0	3.882939338684082
3.0	3.5938327312469482
3.0	3.560612440109253
1.0	1.6986536979675293
2.0	2.391597270965576
3.0	3.5304815769195557
3.0	3.613048553466797
2.0	1.9861245155334473
1.0	1.3171955347061157
2.0	2.549862861633301
1.0	1.7760350704193115
3.0	3.4485838413238525
3.0	3.628112554550171
3.0	3.5735645294189453
2.0	2.9036004543304443
4.0	4.967525959014893
4.0	4.894076824188232
1.0	1.4929152727127075
3.0	3.4808175563812256
3.0	3.4917385578155518
3.0	3.3428761959075928
3.0	3.7596421241760254
3.0	3.719076633453369
0.0	0.407958447933197
4.0	4.936064720153809
3.0	4.020532608032227
5.0	5.760022163391113
4.0	4.872331619262695
3.0	3.653380870819092
3.0	3.560816764831543
3.0	3.491438150405884
4.0	4.82175350189209
3.0	3.429176092147827
3.0	3.4779446125030518
2.0	2.2831971645355225
3.0	3.8022124767303467
2.0	2.4462881088256836
3.0	3.8218977451324463
4.0	4.64914608001709
4.0	4.995132923126221
3.0	3.4848663806915283
4.0	4.626729965209961
4.0	4.70373010635376
3.0	3.8370254039764404
3.0	3.4337985515594482
2.0	2.2848565578460693
2.0	2.4549856185913086
3.0	3.756164073944092
1.0	1.1005403995513916
3.0	3.899854898452759
4.0	4.874862194061279
