label	pred
3.0	3.2580983638763428
3.0	2.8946337699890137
4.0	3.688070058822632
4.0	3.1646289825439453
3.0	3.152421474456787
2.0	2.800501823425293
2.0	2.7002956867218018
1.0	2.0724992752075195
2.0	1.9292998313903809
3.0	3.0489368438720703
2.0	2.1709930896759033
3.0	3.2192013263702393
3.0	3.1680896282196045
3.0	3.001668691635132
4.0	3.6378285884857178
4.0	3.6366729736328125
3.0	3.4037086963653564
2.0	2.904055118560791
3.0	2.9041993618011475
2.0	2.0478038787841797
4.0	3.5102477073669434
3.0	3.3095178604125977
3.0	2.953693389892578
4.0	3.7680301666259766
3.0	2.78102970123291
4.0	3.424496650695801
3.0	3.017888307571411
2.0	2.2090697288513184
3.0	3.138859272003174
3.0	3.140291452407837
4.0	3.6515610218048096
3.0	3.081657886505127
3.0	3.047137498855591
2.0	1.9859368801116943
3.0	3.0587046146392822
3.0	3.0543980598449707
3.0	3.119309425354004
3.0	3.220921516418457
3.0	3.3186142444610596
2.0	2.7307803630828857
1.0	1.7059495449066162
4.0	3.9342005252838135
2.0	2.643580675125122
3.0	3.208996057510376
3.0	2.7487688064575195
3.0	3.843620777130127
2.0	2.0241289138793945
2.0	2.7764828205108643
3.0	2.7979836463928223
3.0	3.0278894901275635
4.0	3.798279047012329
3.0	3.079616069793701
2.0	2.7717273235321045
4.0	3.734794855117798
1.0	1.599333643913269
2.0	2.3642566204071045
3.0	2.8871068954467773
1.0	1.3496084213256836
3.0	3.090136766433716
3.0	3.4675939083099365
2.0	2.2477867603302
2.0	2.470050096511841
2.0	2.3371787071228027
2.0	2.5228428840637207
2.0	2.4494285583496094
3.0	3.103520393371582
1.0	1.464356780052185
3.0	3.2743895053863525
4.0	3.700299024581909
3.0	3.0447468757629395
4.0	4.133598804473877
3.0	3.1340901851654053
4.0	3.3035614490509033
3.0	3.1380105018615723
2.0	2.5197458267211914
3.0	3.084998369216919
3.0	3.152087450027466
2.0	1.9927536249160767
1.0	1.8763720989227295
3.0	3.3266005516052246
3.0	2.9816558361053467
3.0	3.131131887435913
2.0	2.2693371772766113
3.0	3.1242284774780273
3.0	3.2393949031829834
2.0	3.170494318008423
3.0	3.1519055366516113
4.0	3.542513132095337
3.0	3.054955244064331
3.0	3.2686574459075928
3.0	3.049921751022339
3.0	3.3301126956939697
3.0	3.5544145107269287
2.0	2.044116258621216
3.0	3.050924062728882
3.0	3.027940034866333
3.0	3.1110095977783203
3.0	2.594745397567749
3.0	2.766923189163208
4.0	3.513298511505127
4.0	3.9424164295196533
2.0	2.153944492340088
4.0	3.9408986568450928
3.0	3.180114984512329
4.0	3.5391597747802734
2.0	2.440866231918335
2.0	2.117321491241455
4.0	3.1973907947540283
3.0	3.0293116569519043
3.0	3.033363103866577
3.0	2.786275625228882
3.0	3.0625531673431396
2.0	2.1401748657226562
3.0	3.1190907955169678
3.0	3.2779858112335205
3.0	3.1011905670166016
4.0	3.8162484169006348
2.0	2.510425329208374
5.0	4.16087532043457
4.0	4.127518177032471
2.0	2.7460412979125977
3.0	3.1848883628845215
4.0	3.748868465423584
1.0	1.6545655727386475
2.0	2.8338422775268555
3.0	3.094329833984375
3.0	3.078151226043701
5.0	4.099645614624023
2.0	2.372274875640869
2.0	2.296842575073242
4.0	3.4929697513580322
3.0	3.1873199939727783
4.0	3.6537225246429443
2.0	1.5969011783599854
2.0	2.2857019901275635
3.0	3.1120898723602295
4.0	3.7050352096557617
4.0	3.7242281436920166
4.0	3.8504555225372314
4.0	3.848271131515503
3.0	3.3356106281280518
4.0	3.760202646255493
1.0	1.2778613567352295
3.0	3.6618645191192627
4.0	3.6511447429656982
3.0	3.275279998779297
2.0	2.1461076736450195
3.0	3.141444206237793
2.0	2.61044979095459
3.0	3.1316819190979004
4.0	3.9830052852630615
3.0	3.4436867237091064
1.0	1.153287410736084
2.0	2.0651369094848633
3.0	3.115910053253174
3.0	3.1519501209259033
3.0	3.1998939514160156
2.0	2.1795032024383545
2.0	2.1316187381744385
3.0	3.06258225440979
3.0	3.1958224773406982
4.0	3.7501072883605957
3.0	2.8523638248443604
2.0	2.3622090816497803
4.0	3.3293869495391846
3.0	2.972040891647339
3.0	2.774184226989746
3.0	3.2513434886932373
4.0	3.4462249279022217
3.0	2.815700054168701
4.0	3.357391834259033
4.0	3.6740310192108154
4.0	3.5854849815368652
2.0	2.1398661136627197
3.0	3.3252012729644775
1.0	1.794194221496582
2.0	1.947624921798706
2.0	2.0627548694610596
1.0	1.127160906791687
3.0	2.600984811782837
3.0	2.9025282859802246
3.0	2.9026095867156982
2.0	2.4080896377563477
3.0	3.071295976638794
3.0	2.552839517593384
3.0	2.8645331859588623
4.0	3.5876433849334717
2.0	1.8875373601913452
4.0	3.543118715286255
3.0	2.6860108375549316
3.0	3.11210560798645
3.0	3.1177613735198975
4.0	3.7748405933380127
3.0	2.9472453594207764
4.0	3.5337207317352295
2.0	1.7770758867263794
4.0	3.4302687644958496
3.0	3.0014750957489014
3.0	3.0354676246643066
4.0	3.5339150428771973
2.0	2.191465139389038
3.0	2.790602922439575
3.0	3.3293519020080566
4.0	3.4621872901916504
3.0	2.814302682876587
2.0	2.886836290359497
2.0	2.1772773265838623
2.0	2.823288679122925
4.0	3.0173609256744385
4.0	3.412503957748413
2.0	2.533642053604126
3.0	2.4932124614715576
2.0	2.538327693939209
3.0	2.9307198524475098
4.0	3.154892921447754
3.0	2.7924644947052
3.0	2.8191027641296387
4.0	3.37858510017395
4.0	3.484614372253418
4.0	3.3920652866363525
3.0	3.3426225185394287
3.0	2.620871067047119
2.0	2.5866897106170654
3.0	3.200779676437378
2.0	2.696486711502075
4.0	3.6600801944732666
1.0	0.7266941070556641
3.0	3.0870821475982666
3.0	3.1849279403686523
3.0	3.099048376083374
3.0	2.9103424549102783
3.0	3.0153887271881104
4.0	3.221921682357788
3.0	2.5936312675476074
1.0	1.3210997581481934
4.0	4.015642166137695
4.0	3.3250081539154053
2.0	2.111199140548706
4.0	3.891240358352661
3.0	3.1742732524871826
3.0	3.0543527603149414
3.0	2.952153205871582
3.0	2.932105779647827
3.0	3.121061325073242
2.0	1.8736858367919922
4.0	3.318664312362671
3.0	2.946241617202759
3.0	2.889826536178589
3.0	2.995699167251587
3.0	2.801379680633545
4.0	3.447108030319214
1.0	0.7907660007476807
1.0	1.6627850532531738
2.0	2.343627691268921
4.0	3.39933705329895
3.0	2.90228009223938
3.0	2.8063879013061523
4.0	3.37894606590271
3.0	2.8065686225891113
1.0	1.665034532546997
3.0	3.1235077381134033
2.0	2.0452840328216553
2.0	1.8801931142807007
4.0	3.367574453353882
2.0	2.2375328540802
4.0	3.3553779125213623
2.0	2.2912566661834717
3.0	3.3778316974639893
3.0	2.768669366836548
2.0	2.5414183139801025
3.0	3.042421817779541
4.0	3.749652624130249
3.0	3.019963502883911
2.0	2.3644070625305176
3.0	2.997420310974121
2.0	2.2035508155822754
2.0	2.1791927814483643
1.0	1.833103895187378
3.0	3.3915839195251465
4.0	3.6547770500183105
3.0	3.269632339477539
2.0	2.215833902359009
2.0	2.362724781036377
3.0	3.058732271194458
3.0	3.117185115814209
1.0	0.757318913936615
4.0	3.0543339252471924
3.0	3.274426221847534
3.0	2.8667538166046143
3.0	2.911238431930542
3.0	3.1903107166290283
3.0	2.9912707805633545
4.0	3.2510459423065186
5.0	4.010931968688965
4.0	4.055248260498047
1.0	1.16709566116333
4.0	3.4548442363739014
5.0	3.9850151538848877
1.0	1.3611143827438354
2.0	1.8007773160934448
4.0	3.687723159790039
4.0	3.5887606143951416
3.0	2.790508508682251
3.0	2.8443102836608887
2.0	2.2561593055725098
4.0	3.687976121902466
1.0	2.005755662918091
4.0	3.349637269973755
3.0	3.2218141555786133
4.0	3.498755693435669
3.0	2.9290361404418945
1.0	1.8109774589538574
4.0	3.4792935848236084
4.0	3.6747772693634033
4.0	3.311753273010254
3.0	2.522352933883667
1.0	1.1515905857086182
3.0	3.0733377933502197
3.0	3.002129316329956
3.0	3.005281448364258
3.0	3.1102566719055176
4.0	3.4548377990722656
3.0	3.0006723403930664
3.0	2.975001811981201
1.0	1.1553995609283447
2.0	2.309309720993042
4.0	3.3793532848358154
3.0	3.054927349090576
3.0	2.956669807434082
4.0	3.2067363262176514
3.0	3.1058332920074463
3.0	2.987762451171875
4.0	3.6220390796661377
4.0	3.6017324924468994
5.0	3.9563281536102295
4.0	3.6762149333953857
4.0	3.1121249198913574
4.0	3.2656726837158203
4.0	3.4442436695098877
4.0	3.400996685028076
3.0	3.257877826690674
2.0	2.585777521133423
4.0	3.0927340984344482
4.0	3.4246795177459717
3.0	2.93381929397583
4.0	3.6118781566619873
3.0	3.2944397926330566
4.0	3.1355772018432617
4.0	3.285680055618286
3.0	2.834728717803955
2.0	2.6068778038024902
3.0	3.3714804649353027
4.0	3.4994056224823
3.0	2.8093223571777344
4.0	3.5293192863464355
4.0	3.141226053237915
4.0	3.167036771774292
4.0	3.428602933883667
4.0	3.219142198562622
4.0	3.4783098697662354
