label	pred
3.0	2.68918776512146
1.0	1.5406776666641235
2.0	2.989403247833252
3.0	2.6054012775421143
3.0	2.8923213481903076
1.0	2.86928129196167
3.0	2.9224822521209717
3.0	3.0061120986938477
2.0	3.238431215286255
3.0	2.7512691020965576
3.0	2.986792802810669
3.0	2.849217176437378
3.0	3.498591184616089
2.0	2.39746356010437
1.0	1.1817805767059326
3.0	2.896512031555176
2.0	2.7158613204956055
2.0	2.7052791118621826
2.0	2.4748430252075195
2.0	3.188464403152466
2.0	2.5901858806610107
2.0	2.6920785903930664
3.0	2.9383580684661865
2.0	3.1825520992279053
3.0	3.224888801574707
4.0	3.3952274322509766
4.0	2.5414881706237793
1.0	1.195724368095398
3.0	2.751450300216675
4.0	2.819898843765259
4.0	2.4493298530578613
3.0	3.3906211853027344
3.0	2.0482380390167236
4.0	3.183539628982544
3.0	2.498950719833374
3.0	2.879545211791992
4.0	2.859149694442749
3.0	3.0979480743408203
2.0	2.840453863143921
3.0	2.918828010559082
3.0	3.5439014434814453
3.0	3.533170223236084
3.0	2.7623443603515625
4.0	3.0168874263763428
4.0	2.9642891883850098
3.0	2.786863327026367
4.0	3.2164292335510254
3.0	2.837829351425171
3.0	3.2365357875823975
4.0	2.9390060901641846
3.0	3.0867903232574463
2.0	1.5170483589172363
3.0	3.0397071838378906
3.0	2.1314520835876465
3.0	3.1446375846862793
3.0	2.5763113498687744
3.0	3.0375256538391113
2.0	1.5433663129806519
2.0	2.058354377746582
3.0	2.7477099895477295
2.0	1.0805103778839111
2.0	2.5050008296966553
3.0	2.9854700565338135
4.0	2.936243772506714
3.0	3.017195224761963
2.0	3.1534857749938965
3.0	2.656151294708252
3.0	3.1834042072296143
2.0	2.9806065559387207
2.0	2.815988779067993
3.0	2.693427324295044
3.0	3.0154576301574707
2.0	2.377800941467285
3.0	3.9222376346588135
3.0	2.9973719120025635
3.0	3.1502349376678467
3.0	3.0770938396453857
3.0	3.056919813156128
3.0	2.528447151184082
3.0	1.4166440963745117
3.0	2.783681631088257
3.0	3.077815055847168
4.0	2.962433338165283
3.0	2.9281580448150635
3.0	3.5914628505706787
4.0	2.7869489192962646
3.0	2.8868372440338135
2.0	1.4036872386932373
1.0	1.7522943019866943
4.0	3.0138607025146484
3.0	1.49311101436615
4.0	2.7640106678009033
3.0	2.9756038188934326
2.0	3.0779776573181152
4.0	3.184140205383301
5.0	3.5405240058898926
3.0	3.2739598751068115
4.0	3.4295780658721924
2.0	3.2580623626708984
4.0	3.401827812194824
3.0	2.6688623428344727
3.0	2.664484739303589
3.0	1.8460654020309448
3.0	2.909879446029663
3.0	3.056375741958618
3.0	2.7343714237213135
4.0	3.246346950531006
2.0	2.4409561157226562
1.0	1.0780442953109741
2.0	1.7931627035140991
3.0	2.4417405128479004
3.0	2.4541754722595215
3.0	2.9393348693847656
1.0	1.5104554891586304
1.0	2.8236050605773926
2.0	2.4268367290496826
2.0	2.8922438621520996
1.0	1.4177100658416748
2.0	1.1948657035827637
2.0	3.075061798095703
3.0	2.9179413318634033
3.0	3.179382085800171
3.0	2.9712204933166504
2.0	1.9534780979156494
3.0	3.0710606575012207
3.0	2.923079013824463
3.0	3.5792033672332764
3.0	2.9773871898651123
4.0	2.9531586170196533
3.0	2.971160888671875
3.0	2.6860036849975586
3.0	3.0830976963043213
3.0	2.5573744773864746
4.0	2.895972967147827
3.0	3.3284733295440674
3.0	2.8437483310699463
3.0	3.2506887912750244
3.0	3.128314971923828
3.0	1.8640199899673462
3.0	2.36307954788208
2.0	1.9632022380828857
3.0	2.938204288482666
3.0	2.6606075763702393
3.0	3.2186408042907715
3.0	3.363363027572632
4.0	2.9200315475463867
4.0	2.9643449783325195
4.0	2.9286346435546875
3.0	2.941455364227295
3.0	2.582935094833374
3.0	2.971844434738159
4.0	3.2297134399414062
4.0	3.627570390701294
3.0	2.3353703022003174
3.0	2.5116302967071533
4.0	3.3418831825256348
4.0	3.002030372619629
3.0	2.9561843872070312
4.0	2.9611406326293945
3.0	2.7888424396514893
3.0	3.1933131217956543
3.0	2.914231777191162
4.0	3.269517660140991
3.0	2.662989616394043
3.0	3.2233500480651855
3.0	3.119591236114502
4.0	3.76668119430542
3.0	3.272073745727539
2.0	2.8278486728668213
2.0	0.33455219864845276
3.0	2.6549324989318848
3.0	3.0687689781188965
4.0	3.2669012546539307
3.0	2.7573752403259277
4.0	2.319578170776367
3.0	3.1548352241516113
3.0	2.3879153728485107
3.0	2.857520818710327
3.0	2.5964879989624023
4.0	3.0872035026550293
2.0	2.212127447128296
1.0	2.0107712745666504
2.0	2.5739920139312744
3.0	2.8517932891845703
4.0	3.4551899433135986
4.0	3.2387232780456543
3.0	2.5555827617645264
3.0	2.943129777908325
4.0	2.915708303451538
3.0	2.6345226764678955
4.0	2.420400619506836
3.0	3.2332236766815186
3.0	2.5862209796905518
5.0	3.641212224960327
5.0	3.300978899002075
3.0	2.5476462841033936
3.0	2.6395888328552246
4.0	3.0066301822662354
3.0	3.110476016998291
1.0	0.8772236108779907
4.0	2.6808369159698486
4.0	3.386121988296509
3.0	3.173600673675537
3.0	2.8996517658233643
2.0	1.8212095499038696
3.0	3.0636253356933594
3.0	2.765836000442505
3.0	3.366124391555786
2.0	2.7696373462677
3.0	2.7082302570343018
3.0	3.0266852378845215
4.0	3.2163326740264893
3.0	2.258168935775757
4.0	3.12516188621521
3.0	1.883046269416809
3.0	2.9071781635284424
3.0	3.417705535888672
3.0	3.1674842834472656
3.0	3.1426119804382324
3.0	1.5891249179840088
2.0	2.4390993118286133
3.0	3.1371030807495117
4.0	3.105928421020508
3.0	3.0737009048461914
4.0	3.321838855743408
4.0	3.191749334335327
3.0	3.2425379753112793
3.0	2.9493601322174072
3.0	2.962996006011963
3.0	1.9938740730285645
4.0	2.9095277786254883
3.0	2.6949994564056396
2.0	3.4477198123931885
3.0	2.888186454772949
3.0	3.0800294876098633
3.0	2.9073398113250732
3.0	2.3407785892486572
2.0	2.3503365516662598
3.0	3.3687875270843506
4.0	3.131847381591797
3.0	2.9486231803894043
4.0	3.4281742572784424
3.0	3.629344940185547
3.0	2.9187214374542236
1.0	1.9610873460769653
3.0	2.700222969055176
3.0	2.428591012954712
3.0	2.8787786960601807
3.0	2.9230949878692627
3.0	2.7884621620178223
3.0	3.195399045944214
2.0	3.167038679122925
3.0	1.9165147542953491
3.0	3.4135549068450928
2.0	2.3859829902648926
3.0	2.8609273433685303
3.0	2.9343338012695312
4.0	3.005502939224243
2.0	2.6818323135375977
2.0	0.9655241370201111
3.0	2.9925668239593506
4.0	2.8730709552764893
2.0	2.865506172180176
1.0	1.2006288766860962
4.0	3.660081624984741
4.0	2.891343593597412
2.0	0.31477805972099304
0.0	1.547957420349121
2.0	2.976593017578125
2.0	3.0567944049835205
2.0	3.081477403640747
3.0	2.9729254245758057
2.0	0.9593847990036011
3.0	2.5181071758270264
3.0	3.296030282974243
3.0	2.9068875312805176
4.0	3.269667625427246
3.0	2.522477626800537
3.0	2.7993884086608887
1.0	1.1123461723327637
3.0	3.003490686416626
2.0	1.658773422241211
3.0	3.294642448425293
3.0	2.7188098430633545
3.0	2.941734552383423
4.0	2.8728654384613037
3.0	1.2362418174743652
4.0	3.7485642433166504
4.0	2.7285308837890625
2.0	3.104154348373413
2.0	3.4792065620422363
3.0	3.024181604385376
3.0	2.854910373687744
3.0	2.814920663833618
1.0	1.7090905904769897
3.0	3.354734420776367
3.0	3.1452016830444336
2.0	2.85776948928833
3.0	3.184351682662964
4.0	3.221776008605957
3.0	2.9023752212524414
4.0	2.8227336406707764
2.0	1.9543521404266357
4.0	3.1053414344787598
4.0	2.571345806121826
4.0	2.6948962211608887
3.0	2.410349130630493
3.0	2.74477481842041
2.0	3.092794418334961
4.0	2.6851940155029297
3.0	3.2198057174682617
3.0	2.4136199951171875
2.0	2.9014461040496826
4.0	3.015667676925659
4.0	3.2369296550750732
3.0	3.3278002738952637
3.0	3.165205955505371
2.0	3.0450022220611572
4.0	3.1560745239257812
3.0	2.262659788131714
4.0	3.3576977252960205
4.0	3.262636661529541
3.0	2.8259806632995605
3.0	2.758917808532715
4.0	2.9976189136505127
3.0	2.46114444732666
3.0	2.7900078296661377
3.0	2.2260067462921143
4.0	2.465664863586426
4.0	3.220182180404663
3.0	2.9357972145080566
3.0	3.616489887237549
4.0	3.383852958679199
4.0	2.8987789154052734
3.0	3.1109540462493896
2.0	2.4931468963623047
3.0	2.813016891479492
3.0	2.5980641841888428
3.0	3.2353062629699707
3.0	2.5379533767700195
3.0	2.356740713119507
2.0	2.8845596313476562
3.0	3.286954879760742
4.0	3.6357316970825195
2.0	2.366539239883423
4.0	3.399550676345825
2.0	2.76888108253479
3.0	3.4017467498779297
3.0	2.874884843826294
3.0	3.021310806274414
4.0	2.8533213138580322
2.0	2.224970579147339
3.0	3.0576984882354736
3.0	2.7486612796783447
2.0	2.638319969177246
2.0	2.5697214603424072
3.0	3.2067127227783203
3.0	3.09869122505188
2.0	2.9835023880004883
3.0	3.662569284439087
