label	pred
4.0	3.352095365524292
1.0	1.9163289070129395
4.0	3.8262338638305664
4.0	3.243532657623291
3.0	2.288276433944702
2.0	1.6900849342346191
2.0	1.7412638664245605
2.0	2.405731439590454
2.0	2.3403775691986084
3.0	2.87766432762146
3.0	2.890580892562866
3.0	2.9030470848083496
3.0	1.8323663473129272
3.0	2.9428603649139404
3.0	2.6191911697387695
4.0	3.2337570190429688
2.0	0.9241889119148254
3.0	2.3281826972961426
3.0	2.587083101272583
3.0	2.851850748062134
4.0	3.1113462448120117
3.0	2.902611494064331
2.0	2.2995376586914062
3.0	3.3005709648132324
4.0	3.8874731063842773
4.0	3.837980031967163
1.0	2.448143720626831
2.0	2.5532338619232178
3.0	3.2791762351989746
2.0	2.195321559906006
3.0	3.017298698425293
3.0	2.7615270614624023
3.0	2.5192294120788574
2.0	1.4790185689926147
3.0	2.4586715698242188
2.0	2.2664597034454346
1.0	0.8810498714447021
3.0	2.6403520107269287
3.0	2.866060256958008
3.0	3.2501258850097656
3.0	2.5886805057525635
2.0	2.1168980598449707
4.0	4.062265396118164
1.0	1.0378100872039795
3.0	3.020573616027832
3.0	3.059530258178711
3.0	3.181668281555176
2.0	2.206638813018799
4.0	3.2785582542419434
3.0	2.5433671474456787
4.0	3.298190116882324
3.0	2.8753890991210938
3.0	2.9619996547698975
4.0	3.623868703842163
4.0	3.4380197525024414
3.0	3.126016616821289
4.0	3.1581642627716064
4.0	3.8008439540863037
4.0	3.4700193405151367
3.0	2.9477787017822266
3.0	2.4822704792022705
2.0	1.6577503681182861
3.0	2.7346246242523193
4.0	3.7399609088897705
2.0	2.833981990814209
4.0	3.7114851474761963
3.0	2.808228015899658
3.0	3.0746519565582275
2.0	1.5667957067489624
4.0	3.500997543334961
4.0	3.506540060043335
3.0	2.5440123081207275
3.0	2.50492000579834
3.0	2.952744483947754
3.0	2.655390501022339
3.0	2.830784320831299
3.0	2.7612662315368652
3.0	3.147914171218872
3.0	3.5827717781066895
4.0	2.4726009368896484
3.0	2.8188579082489014
2.0	1.5215259790420532
4.0	3.5444819927215576
3.0	2.6702873706817627
3.0	2.9229323863983154
3.0	2.888932466506958
4.0	3.0148091316223145
2.0	1.412742257118225
3.0	2.0980887413024902
3.0	2.534445285797119
4.0	3.4228622913360596
3.0	2.7798118591308594
3.0	2.1697278022766113
4.0	4.0182318687438965
3.0	2.8230419158935547
4.0	3.9752652645111084
3.0	3.007598876953125
3.0	2.6671104431152344
3.0	2.931156873703003
4.0	3.8297510147094727
4.0	3.639055013656616
3.0	2.5839927196502686
3.0	2.495863437652588
2.0	1.09738290309906
3.0	3.430832624435425
4.0	2.1792426109313965
2.0	2.566741466522217
4.0	1.9321500062942505
3.0	3.049499988555908
3.0	2.428792953491211
3.0	2.6297945976257324
4.0	2.688539981842041
3.0	2.7312655448913574
2.0	1.8241533041000366
3.0	2.7232789993286133
3.0	2.369189739227295
3.0	2.5699524879455566
3.0	2.61334228515625
3.0	2.933443784713745
2.0	1.3970847129821777
3.0	1.9084742069244385
4.0	3.2936208248138428
3.0	2.4530091285705566
3.0	2.971905469894409
3.0	3.097897529602051
2.0	1.6027873754501343
3.0	3.0694961547851562
3.0	2.6009981632232666
4.0	3.3136656284332275
4.0	3.224421262741089
3.0	2.3706953525543213
3.0	2.7455506324768066
4.0	3.1435647010803223
3.0	2.6671009063720703
4.0	3.0661966800689697
4.0	2.8899030685424805
3.0	2.995495319366455
3.0	3.024677038192749
3.0	3.549473524093628
3.0	2.5406341552734375
3.0	2.8349647521972656
2.0	2.7197396755218506
4.0	3.682739019393921
3.0	2.1859636306762695
3.0	2.8084959983825684
3.0	2.923483371734619
4.0	3.5966765880584717
2.0	0.8050838708877563
4.0	3.3952438831329346
4.0	3.1812543869018555
4.0	3.566805601119995
3.0	2.860962390899658
3.0	3.103447675704956
3.0	2.941859722137451
2.0	2.4749791622161865
3.0	2.5746612548828125
2.0	2.054617166519165
3.0	2.036334991455078
3.0	2.8612582683563232
4.0	3.7114369869232178
3.0	3.122790813446045
3.0	3.065974473953247
1.0	2.791588068008423
3.0	1.962148666381836
3.0	3.1930341720581055
3.0	3.620853900909424
3.0	3.03943133354187
4.0	3.5386786460876465
3.0	2.442882537841797
3.0	2.237039089202881
4.0	3.4359395503997803
4.0	3.834113836288452
3.0	2.0123801231384277
2.0	2.4887046813964844
3.0	2.811574935913086
4.0	3.546114206314087
3.0	2.7252089977264404
4.0	3.821138858795166
4.0	3.6807546615600586
3.0	3.1003968715667725
3.0	2.6557087898254395
1.0	0.37004801630973816
1.0	1.0477080345153809
4.0	3.287179946899414
1.0	1.4158602952957153
1.0	0.31322023272514343
3.0	2.877027988433838
4.0	3.11643648147583
3.0	3.248342275619507
4.0	3.3750851154327393
4.0	3.686763048171997
2.0	2.6291916370391846
4.0	4.013700485229492
2.0	1.960898756980896
3.0	3.0776407718658447
2.0	2.895603895187378
3.0	2.9814581871032715
3.0	2.191446304321289
4.0	3.398062229156494
4.0	3.224198818206787
4.0	3.49092698097229
3.0	3.3628203868865967
3.0	3.0150864124298096
3.0	2.6974141597747803
3.0	2.9956061840057373
1.0	0.4690045714378357
3.0	3.1531779766082764
2.0	2.43084454536438
3.0	3.0367722511291504
3.0	3.077383279800415
4.0	3.5264980792999268
3.0	2.6965770721435547
3.0	3.0111749172210693
3.0	2.9403936862945557
4.0	3.4366071224212646
3.0	2.862543821334839
3.0	2.6886446475982666
4.0	3.7231152057647705
3.0	2.8353774547576904
4.0	3.3857898712158203
4.0	3.4584617614746094
5.0	3.8709394931793213
4.0	3.5738489627838135
3.0	2.532994508743286
3.0	2.464534044265747
3.0	2.9524526596069336
4.0	3.487757921218872
5.0	3.4899234771728516
3.0	2.9459569454193115
3.0	2.6527581214904785
4.0	3.0539181232452393
3.0	2.1629395484924316
4.0	3.39125919342041
3.0	2.8445186614990234
4.0	3.886378765106201
3.0	2.95029616355896
3.0	2.894789457321167
3.0	2.91636061668396
2.0	2.778149127960205
3.0	2.8376007080078125
3.0	2.248037099838257
3.0	2.846820831298828
3.0	2.908629894256592
3.0	2.144200563430786
3.0	2.958545684814453
3.0	3.355436086654663
3.0	2.8610284328460693
3.0	2.6051902770996094
3.0	2.7775726318359375
3.0	2.844857931137085
2.0	2.0954742431640625
3.0	2.783846139907837
2.0	1.9176634550094604
4.0	3.42073130607605
2.0	2.1511566638946533
3.0	2.6994106769561768
3.0	2.8415868282318115
3.0	3.453338146209717
4.0	2.948087453842163
2.0	1.5753533840179443
3.0	2.9449098110198975
3.0	2.768031358718872
3.0	2.77976393699646
3.0	2.681130886077881
3.0	2.3817858695983887
3.0	2.8404431343078613
2.0	2.1798665523529053
3.0	3.012296199798584
2.0	1.788185954093933
2.0	2.084482192993164
2.0	2.0217323303222656
3.0	2.8952224254608154
3.0	3.0773396492004395
3.0	1.9439483880996704
3.0	3.063997268676758
2.0	1.4328840970993042
1.0	1.116305947303772
3.0	3.1007394790649414
3.0	3.395076036453247
3.0	2.7739675045013428
3.0	3.3566958904266357
3.0	2.8789443969726562
3.0	2.7310616970062256
3.0	3.015523910522461
3.0	2.909334659576416
4.0	3.0268337726593018
3.0	3.0196478366851807
2.0	2.1541130542755127
3.0	2.9759786128997803
2.0	1.6056338548660278
3.0	3.6133010387420654
3.0	2.6803696155548096
3.0	3.3318915367126465
3.0	2.8668487071990967
3.0	2.9761102199554443
3.0	2.528898000717163
3.0	3.0464179515838623
3.0	3.0580053329467773
3.0	3.0901923179626465
2.0	1.7727631330490112
3.0	3.283170461654663
3.0	3.4163475036621094
2.0	2.7202398777008057
3.0	3.0719571113586426
3.0	3.314382791519165
3.0	4.0351362228393555
2.0	1.308531403541565
3.0	3.501970052719116
3.0	2.745059013366699
3.0	2.764002799987793
1.0	0.6688623428344727
1.0	0.7571417689323425
3.0	3.5345892906188965
3.0	3.208613395690918
3.0	2.4306588172912598
3.0	3.0774755477905273
3.0	2.879868507385254
3.0	3.055933713912964
3.0	2.518400192260742
3.0	3.1215248107910156
3.0	2.940154790878296
3.0	3.2674760818481445
2.0	2.2651472091674805
3.0	2.9099485874176025
3.0	2.9459035396575928
3.0	3.211724042892456
1.0	0.7265360355377197
4.0	3.752824068069458
4.0	4.133097171783447
3.0	2.411710739135742
3.0	3.138329267501831
3.0	2.903900384902954
3.0	3.4654321670532227
2.0	2.194693088531494
2.0	2.9551639556884766
3.0	3.4373717308044434
3.0	2.9633493423461914
3.0	3.8183090686798096
3.0	2.8948447704315186
3.0	2.9213943481445312
3.0	3.4318716526031494
3.0	3.4784562587738037
3.0	2.8068785667419434
3.0	3.0847995281219482
2.0	2.4521310329437256
2.0	1.8620182275772095
4.0	4.365079879760742
2.0	2.456681251525879
3.0	2.7821977138519287
2.0	2.145541191101074
2.0	2.292881727218628
3.0	2.955024480819702
3.0	2.6681716442108154
3.0	3.23583984375
3.0	2.8368959426879883
3.0	3.138144016265869
2.0	1.5238832235336304
3.0	3.119130849838257
3.0	3.397594928741455
3.0	2.97259521484375
