label	pred
2.0	1.8667476177215576
4.0	2.975313663482666
4.0	2.886868476867676
3.0	3.1571907997131348
4.0	2.99385142326355
4.0	2.327880620956421
4.0	3.80338454246521
3.0	2.6027512550354004
2.0	0.8254439830780029
3.0	3.06817626953125
3.0	3.083258867263794
3.0	2.6288535594940186
2.0	2.301006317138672
3.0	2.731675863265991
1.0	0.9363226890563965
3.0	2.3759214878082275
2.0	1.801087498664856
3.0	3.04567289352417
2.0	2.0421335697174072
3.0	2.1649229526519775
4.0	2.80330753326416
2.0	1.2625805139541626
2.0	1.9442497491836548
4.0	3.21639347076416
3.0	2.0233943462371826
3.0	2.330991268157959
3.0	2.9235711097717285
3.0	2.6469502449035645
2.0	2.514925956726074
4.0	2.973750114440918
3.0	2.5336318016052246
3.0	2.1496684551239014
4.0	2.7328901290893555
2.0	1.2987451553344727
3.0	2.2416632175445557
2.0	2.1466457843780518
3.0	2.872354030609131
3.0	2.316073417663574
4.0	2.339334487915039
3.0	2.347135305404663
3.0	2.4750804901123047
2.0	2.960643768310547
3.0	3.41690731048584
3.0	2.4999144077301025
2.0	1.1631799936294556
3.0	3.328037738800049
4.0	2.782691240310669
4.0	3.1804280281066895
4.0	2.868342876434326
3.0	2.6926028728485107
2.0	1.632957935333252
2.0	2.571998119354248
3.0	2.965864419937134
3.0	2.8004648685455322
2.0	1.9773222208023071
2.0	1.3077911138534546
3.0	3.705354928970337
2.0	2.7704405784606934
3.0	2.5534589290618896
4.0	2.9625236988067627
4.0	2.994765281677246
4.0	2.2499585151672363
4.0	3.323178291320801
3.0	2.7103850841522217
4.0	3.6165833473205566
3.0	2.839813232421875
3.0	2.2060866355895996
4.0	3.3617172241210938
3.0	2.6738429069519043
3.0	2.660555362701416
3.0	3.17604660987854
4.0	3.1536920070648193
2.0	2.1310040950775146
3.0	2.6930367946624756
4.0	2.932950258255005
3.0	2.3404388427734375
3.0	2.6357169151306152
3.0	2.3549106121063232
3.0	2.1200385093688965
3.0	2.9693992137908936
4.0	3.0839295387268066
3.0	3.003655195236206
4.0	2.9333090782165527
4.0	3.2622439861297607
2.0	1.5480653047561646
1.0	-0.17696848511695862
4.0	3.2042036056518555
3.0	3.519054412841797
0.0	0.19524097442626953
3.0	1.987085223197937
3.0	3.4146101474761963
2.0	2.521273612976074
3.0	2.815882921218872
3.0	3.3160834312438965
2.0	2.683168888092041
3.0	2.427234649658203
2.0	0.647002100944519
2.0	2.251124858856201
3.0	2.6630167961120605
2.0	1.7915146350860596
2.0	2.139925718307495
2.0	1.463592529296875
3.0	2.4545698165893555
3.0	2.8470253944396973
3.0	2.313614845275879
4.0	2.6702613830566406
3.0	3.0211052894592285
3.0	2.806830883026123
3.0	2.4313747882843018
3.0	3.2663357257843018
3.0	2.384007215499878
3.0	2.137848138809204
4.0	3.3327372074127197
3.0	2.9043185710906982
3.0	2.9312896728515625
4.0	3.1548306941986084
1.0	0.8081498742103577
2.0	2.978743553161621
3.0	2.8043529987335205
3.0	2.3823821544647217
3.0	2.803483247756958
3.0	3.700300455093384
4.0	3.3616983890533447
2.0	2.098052978515625
3.0	2.72434401512146
2.0	2.012537717819214
4.0	2.8849456310272217
2.0	2.1959214210510254
3.0	3.091717481613159
4.0	3.2899415493011475
4.0	2.7530877590179443
4.0	3.200814962387085
4.0	2.8668951988220215
3.0	2.718670606613159
2.0	2.095507860183716
0.0	-0.3802502155303955
4.0	3.1163463592529297
3.0	2.7673771381378174
3.0	2.3118844032287598
4.0	2.7772505283355713
4.0	2.351330518722534
1.0	1.7740414142608643
2.0	2.2728426456451416
3.0	2.412013530731201
3.0	2.4447579383850098
4.0	3.240372657775879
3.0	2.700333595275879
4.0	2.604229688644409
1.0	0.5679001808166504
4.0	2.730517625808716
3.0	2.1446692943573
2.0	2.7698476314544678
3.0	3.116128921508789
2.0	1.3533984422683716
4.0	2.8533453941345215
0.0	0.09235914051532745
2.0	2.026371717453003
3.0	2.7254889011383057
3.0	2.6115834712982178
3.0	3.1160776615142822
4.0	3.295625925064087
2.0	2.6763503551483154
2.0	1.276049256324768
3.0	2.677032232284546
2.0	2.130690336227417
2.0	1.9701347351074219
3.0	2.5988945960998535
3.0	1.5938125848770142
3.0	3.5325019359588623
3.0	2.8562676906585693
2.0	1.9995238780975342
4.0	3.239821672439575
2.0	2.041476011276245
3.0	2.493987560272217
3.0	2.3689746856689453
3.0	2.731375217437744
3.0	2.9329588413238525
3.0	2.6774139404296875
4.0	2.205522060394287
2.0	0.37038710713386536
3.0	2.7339773178100586
3.0	3.556123733520508
4.0	2.7013683319091797
3.0	3.0734729766845703
3.0	3.2715988159179688
3.0	2.9511032104492188
3.0	3.153905153274536
3.0	2.8731582164764404
2.0	2.5281810760498047
4.0	3.0271084308624268
3.0	3.555418014526367
3.0	3.045393705368042
3.0	3.2613048553466797
4.0	3.2948498725891113
2.0	2.7854981422424316
3.0	2.4820425510406494
3.0	3.357089042663574
3.0	2.6960628032684326
2.0	1.9234817028045654
4.0	3.2947773933410645
3.0	2.6735432147979736
4.0	2.695983648300171
3.0	3.1624691486358643
3.0	3.179729461669922
3.0	2.804269552230835
2.0	1.406200885772705
4.0	3.281163215637207
4.0	2.832789182662964
4.0	3.565059185028076
4.0	2.753263235092163
3.0	2.9839067459106445
3.0	3.5763626098632812
3.0	3.068981409072876
4.0	3.6038942337036133
3.0	3.033552408218384
3.0	2.580420970916748
3.0	2.6694014072418213
4.0	3.1608521938323975
1.0	-0.17456656694412231
2.0	3.058166742324829
3.0	2.3629908561706543
3.0	2.5122928619384766
3.0	2.268564224243164
2.0	2.7352304458618164
2.0	2.06148099899292
3.0	2.5906057357788086
3.0	2.738410472869873
3.0	2.663027763366699
4.0	3.0430679321289062
3.0	2.8113725185394287
4.0	2.7560551166534424
3.0	3.094013214111328
4.0	2.9458742141723633
3.0	2.577313184738159
2.0	2.2716641426086426
3.0	2.7249085903167725
3.0	2.9622294902801514
4.0	3.1301381587982178
2.0	1.3477420806884766
4.0	2.867312431335449
3.0	2.6339643001556396
3.0	3.4051120281219482
2.0	1.1905696392059326
3.0	2.8204774856567383
2.0	1.5726772546768188
2.0	1.387437343597412
2.0	1.5957337617874146
3.0	2.579545497894287
3.0	2.7303969860076904
2.0	1.6864607334136963
2.0	1.2997568845748901
2.0	2.2650609016418457
3.0	2.3135108947753906
3.0	3.2032716274261475
2.0	2.5181591510772705
3.0	2.545177936553955
4.0	2.743448495864868
3.0	2.631789445877075
3.0	2.825167179107666
1.0	1.0088603496551514
3.0	2.9410343170166016
4.0	2.059784412384033
4.0	3.2974867820739746
4.0	3.242867946624756
2.0	1.9145551919937134
2.0	2.501286745071411
2.0	1.1240211725234985
3.0	2.6499440670013428
3.0	2.663439989089966
4.0	3.169548988342285
3.0	2.184373378753662
4.0	3.053314447402954
3.0	2.301633358001709
2.0	0.645419180393219
3.0	2.8378705978393555
4.0	2.0819764137268066
4.0	2.950599193572998
3.0	2.7037105560302734
3.0	2.6311535835266113
2.0	2.1693472862243652
3.0	3.6220831871032715
3.0	2.968987226486206
4.0	2.8244917392730713
2.0	2.5165109634399414
4.0	2.576059103012085
2.0	1.9409412145614624
2.0	2.1208064556121826
2.0	2.4659173488616943
4.0	3.0426230430603027
3.0	3.134106397628784
5.0	2.8248965740203857
3.0	2.6300666332244873
2.0	1.9817191362380981
2.0	2.6238701343536377
2.0	2.2642035484313965
2.0	2.2617805004119873
2.0	1.8195586204528809
3.0	2.481268882751465
4.0	2.917249917984009
3.0	2.7973222732543945
3.0	2.2348484992980957
3.0	2.954075336456299
5.0	3.2913782596588135
1.0	0.6954841613769531
3.0	2.5228304862976074
1.0	0.5372796058654785
2.0	2.252422332763672
3.0	2.335249662399292
4.0	3.097365617752075
3.0	2.502284526824951
4.0	2.987638235092163
3.0	2.277386426925659
3.0	3.06673526763916
4.0	2.9700424671173096
4.0	3.391130208969116
4.0	2.6246235370635986
4.0	3.8454253673553467
2.0	2.557640552520752
1.0	-0.00505099818110466
3.0	2.667649507522583
3.0	3.095349073410034
2.0	1.2989712953567505
3.0	2.6851389408111572
4.0	3.6112589836120605
4.0	3.196506977081299
1.0	1.4003762006759644
3.0	3.5429892539978027
2.0	2.8445422649383545
3.0	2.541874647140503
3.0	3.0401904582977295
3.0	2.9188740253448486
2.0	2.5982837677001953
1.0	0.21570706367492676
3.0	2.2790231704711914
3.0	3.290740728378296
3.0	2.8547980785369873
3.0	3.0176117420196533
4.0	3.0469563007354736
4.0	3.1333558559417725
4.0	2.6691317558288574
4.0	3.2649149894714355
3.0	2.675192356109619
3.0	2.3586652278900146
4.0	2.4054291248321533
4.0	2.8588085174560547
4.0	2.616607189178467
3.0	1.73760986328125
1.0	0.7369444370269775
3.0	1.8362712860107422
4.0	3.037083864212036
3.0	2.6413347721099854
4.0	2.789868116378784
3.0	2.7714903354644775
3.0	2.4952011108398438
4.0	2.6816091537475586
3.0	2.416217088699341
3.0	2.792698621749878
2.0	2.285520553588867
3.0	2.537135362625122
4.0	2.832095146179199
