label	pred
4.0	4.294224739074707
4.0	4.647226810455322
5.0	5.006058216094971
4.0	4.7585601806640625
4.0	4.430455207824707
2.0	1.9202189445495605
1.0	0.9480935335159302
3.0	3.76918888092041
3.0	3.695302724838257
3.0	3.694486379623413
4.0	4.617079734802246
3.0	3.3745148181915283
4.0	4.61099100112915
2.0	1.8292157649993896
2.0	2.0337634086608887
4.0	4.156098365783691
3.0	3.496946096420288
4.0	4.418972969055176
3.0	3.335860013961792
1.0	1.0929261445999146
1.0	1.6854960918426514
3.0	3.7182116508483887
3.0	3.494101047515869
2.0	2.0692331790924072
3.0	3.4135704040527344
3.0	3.5834782123565674
4.0	3.7770867347717285
3.0	3.525315999984741
2.0	1.9943240880966187
3.0	3.8215272426605225
4.0	4.6080403327941895
4.0	4.255919456481934
2.0	1.9535576105117798
3.0	3.662735939025879
4.0	4.337689399719238
4.0	4.470712661743164
0.0	0.2558048367500305
4.0	4.570744514465332
3.0	3.2709476947784424
3.0	3.2237915992736816
4.0	4.065940856933594
4.0	4.310544013977051
4.0	4.261475563049316
4.0	4.049020767211914
4.0	4.329248905181885
3.0	2.9217231273651123
1.0	1.1710354089736938
3.0	3.5307726860046387
3.0	2.4145560264587402
3.0	2.8441426753997803
3.0	3.0518808364868164
4.0	4.638575553894043
2.0	2.8116064071655273
4.0	4.371526718139648
2.0	2.2028350830078125
3.0	3.3213143348693848
2.0	2.1783387660980225
2.0	2.3171653747558594
3.0	3.550999402999878
3.0	3.3037192821502686
3.0	3.2022151947021484
3.0	3.4033362865448
3.0	3.6676390171051025
3.0	3.2994697093963623
1.0	1.0809540748596191
3.0	4.025040626525879
4.0	4.232959747314453
2.0	2.2504994869232178
4.0	3.911163568496704
2.0	2.204241991043091
3.0	3.5335021018981934
2.0	2.7154412269592285
2.0	2.0461502075195312
4.0	4.60322904586792
3.0	3.057753324508667
3.0	2.9814834594726562
3.0	3.3477675914764404
4.0	3.937300682067871
3.0	3.2705767154693604
4.0	4.000609874725342
2.0	2.3787055015563965
3.0	2.8889100551605225
1.0	1.207592487335205
2.0	1.9994516372680664
3.0	3.2321369647979736
5.0	4.502239227294922
3.0	3.171363115310669
3.0	2.8936736583709717
3.0	3.150047540664673
2.0	1.7669529914855957
4.0	3.550013542175293
1.0	1.0404694080352783
3.0	3.130497932434082
3.0	3.468550682067871
4.0	3.7826764583587646
3.0	3.563981294631958
4.0	4.555746078491211
2.0	2.0552968978881836
3.0	3.002690553665161
2.0	2.8159117698669434
3.0	2.8485019207000732
4.0	4.246025085449219
4.0	4.126034736633301
4.0	3.8309571743011475
2.0	2.214961051940918
4.0	3.8249661922454834
3.0	2.9926092624664307
2.0	1.7686494588851929
3.0	3.277789354324341
4.0	3.887831449508667
4.0	4.182858467102051
3.0	3.5492160320281982
3.0	3.259615421295166
3.0	3.489468574523926
3.0	3.473191976547241
4.0	3.8117713928222656
4.0	4.42603874206543
3.0	3.4823029041290283
3.0	3.465665340423584
4.0	4.22541618347168
4.0	3.605764865875244
4.0	3.9394850730895996
4.0	3.8497846126556396
5.0	4.614953517913818
5.0	4.343022346496582
4.0	3.7351744174957275
3.0	3.181539535522461
4.0	3.94897723197937
4.0	3.6520376205444336
1.0	0.8794904947280884
2.0	2.509354591369629
3.0	3.4523704051971436
2.0	2.0949854850769043
3.0	3.460428476333618
3.0	3.228379011154175
4.0	3.985481023788452
3.0	2.4700686931610107
2.0	1.881728172302246
4.0	3.8709604740142822
3.0	3.2677745819091797
3.0	3.4160215854644775
4.0	4.223940372467041
0.0	0.5138955116271973
2.0	2.3575518131256104
4.0	3.751962423324585
3.0	3.4326024055480957
4.0	3.9610071182250977
3.0	3.2725560665130615
3.0	3.3641836643218994
3.0	3.3801708221435547
4.0	3.7364232540130615
3.0	3.1803112030029297
3.0	3.402639389038086
3.0	3.5513508319854736
1.0	0.7920371294021606
3.0	2.2621335983276367
4.0	4.070255279541016
3.0	3.8853893280029297
4.0	3.970010757446289
4.0	4.452638149261475
3.0	2.815938949584961
4.0	4.254326820373535
1.0	1.2491586208343506
3.0	3.4311068058013916
3.0	2.7847471237182617
3.0	3.3155441284179688
3.0	3.12768816947937
3.0	3.4864070415496826
3.0	3.4171769618988037
3.0	2.8708903789520264
4.0	4.120041847229004
2.0	2.289584159851074
1.0	1.0132638216018677
3.0	3.4672248363494873
3.0	3.393415689468384
3.0	3.482969045639038
3.0	2.7757790088653564
3.0	3.103048086166382
3.0	3.0340402126312256
2.0	2.2201108932495117
2.0	2.1348135471343994
2.0	1.8594831228256226
3.0	3.3844339847564697
3.0	3.104604721069336
3.0	3.2238118648529053
2.0	1.8400850296020508
3.0	3.468210458755493
3.0	3.3716769218444824
2.0	1.8950694799423218
2.0	2.4315273761749268
2.0	2.2961573600769043
3.0	3.723595380783081
2.0	2.175102472305298
3.0	3.436234474182129
2.0	2.090121030807495
2.0	2.3836417198181152
2.0	2.831031084060669
2.0	2.2487595081329346
4.0	4.176079273223877
4.0	4.193893909454346
2.0	2.3981380462646484
2.0	2.305474042892456
3.0	3.2969601154327393
3.0	3.648407220840454
1.0	0.9169354438781738
2.0	3.3311052322387695
4.0	4.330227851867676
3.0	3.58117938041687
3.0	3.391575574874878
3.0	3.7432689666748047
2.0	2.421710968017578
3.0	3.9578311443328857
3.0	3.546252965927124
2.0	2.017335891723633
3.0	3.345543146133423
3.0	3.4630558490753174
4.0	4.135396957397461
4.0	4.284673690795898
3.0	2.8618037700653076
3.0	3.734142780303955
2.0	2.274113178253174
3.0	3.4678902626037598
3.0	3.6050848960876465
2.0	2.2164816856384277
3.0	3.526620864868164
3.0	3.262566328048706
2.0	2.8339319229125977
2.0	2.873569965362549
3.0	3.008772611618042
3.0	3.5677785873413086
2.0	2.634735345840454
3.0	3.8698041439056396
2.0	2.3418056964874268
1.0	1.5461064577102661
2.0	2.335308790206909
2.0	2.407397747039795
2.0	2.570880889892578
3.0	3.624044179916382
3.0	3.5956335067749023
1.0	1.3427965641021729
0.0	1.3127081394195557
3.0	3.5874602794647217
3.0	3.0889084339141846
3.0	3.922320604324341
2.0	2.569380760192871
3.0	4.278987407684326
1.0	1.4271752834320068
2.0	2.081620931625366
2.0	2.752063512802124
3.0	3.68133282661438
3.0	3.482342004776001
3.0	3.3051044940948486
3.0	3.3595669269561768
2.0	2.780062675476074
0.0	0.546802282333374
2.0	1.994210958480835
3.0	3.416236162185669
2.0	2.2360494136810303
3.0	3.2611982822418213
4.0	4.452498912811279
3.0	3.0288898944854736
4.0	4.845490455627441
3.0	3.8819620609283447
2.0	2.8803651332855225
4.0	4.617158889770508
1.0	1.2271171808242798
4.0	4.27100133895874
3.0	3.7902767658233643
3.0	3.4796249866485596
3.0	3.6446216106414795
3.0	3.9454448223114014
3.0	4.0644001960754395
2.0	2.7102463245391846
4.0	4.518431663513184
3.0	3.4465830326080322
2.0	2.6997504234313965
2.0	3.5601675510406494
3.0	3.5429158210754395
3.0	3.6526012420654297
3.0	3.5733225345611572
4.0	4.8328986167907715
3.0	3.4161489009857178
4.0	4.670909404754639
3.0	3.527086019515991
3.0	3.9562504291534424
3.0	4.030752182006836
3.0	4.107915878295898
4.0	4.7102437019348145
3.0	3.511488199234009
3.0	3.450204372406006
4.0	4.615626335144043
3.0	3.516019344329834
2.0	2.374936580657959
2.0	2.5530123710632324
2.0	2.991403579711914
3.0	3.3032424449920654
2.0	2.070455551147461
3.0	3.4855027198791504
0.0	1.0045865774154663
1.0	1.1188198328018188
3.0	3.3778388500213623
5.0	5.151413917541504
3.0	3.7685916423797607
3.0	3.5979416370391846
3.0	3.266976833343506
3.0	3.733485460281372
3.0	3.6044135093688965
4.0	4.536540508270264
4.0	4.526734352111816
3.0	3.9912633895874023
3.0	3.5420138835906982
2.0	3.4375083446502686
1.0	2.0667271614074707
2.0	1.4129295349121094
3.0	3.524538993835449
3.0	3.579589605331421
2.0	3.160386800765991
1.0	0.9748133420944214
2.0	2.094871759414673
2.0	2.194270372390747
3.0	3.525085687637329
3.0	3.7809031009674072
4.0	4.603675365447998
2.0	2.0548017024993896
3.0	3.3855464458465576
4.0	4.469159126281738
2.0	1.9892637729644775
3.0	3.4751482009887695
2.0	2.2796664237976074
3.0	3.6579372882843018
2.0	2.4971132278442383
2.0	2.145573139190674
0.0	0.4757331609725952
4.0	4.081264495849609
3.0	3.008317232131958
4.0	4.3698835372924805
4.0	4.724129676818848
3.0	3.7106029987335205
3.0	3.5848898887634277
3.0	3.238811492919922
2.0	2.4296481609344482
2.0	2.4897620677948
3.0	3.4995687007904053
1.0	1.3543667793273926
3.0	3.447439432144165
3.0	3.898996114730835
4.0	4.552331447601318
4.0	4.452328681945801
4.0	4.445626258850098
2.0	2.5933680534362793
2.0	3.3453667163848877
4.0	3.8408162593841553
3.0	3.362318277359009
3.0	3.5084807872772217
2.0	1.8837352991104126
2.0	2.1619484424591064
3.0	3.2939343452453613
1.0	1.1540727615356445
3.0	3.9463014602661133
4.0	4.601228713989258
