label	pred
4.0	4.703876495361328
5.0	5.327836513519287
5.0	5.238776683807373
4.0	4.390257358551025
3.0	3.881528854370117
3.0	3.7534995079040527
1.0	1.388672113418579
3.0	3.9401164054870605
3.0	4.038821220397949
2.0	3.206801414489746
3.0	4.074902057647705
3.0	3.549839973449707
4.0	4.717907905578613
2.0	2.878105640411377
1.0	2.130236864089966
4.0	4.458839416503906
3.0	3.819554090499878
4.0	4.589524745941162
3.0	3.765061616897583
2.0	2.424851655960083
1.0	2.467684507369995
3.0	3.7764248847961426
2.0	3.3805902004241943
3.0	3.588947296142578
3.0	3.767537832260132
3.0	4.135584831237793
3.0	3.844244956970215
3.0	3.8720436096191406
3.0	4.0572614669799805
4.0	4.294803619384766
4.0	4.571284770965576
3.0	3.4400463104248047
2.0	2.937288284301758
3.0	3.852123260498047
3.0	3.9362683296203613
3.0	3.8145813941955566
0.0	0.8823522329330444
4.0	4.448972702026367
3.0	3.8062713146209717
4.0	4.2745680809021
4.0	4.349624156951904
4.0	4.4663848876953125
4.0	4.4193267822265625
4.0	3.8741681575775146
4.0	4.6546831130981445
4.0	4.618855953216553
1.0	1.4267022609710693
3.0	3.9241867065429688
2.0	2.4851861000061035
3.0	3.2235255241394043
3.0	3.199134349822998
4.0	3.9996156692504883
3.0	3.050483465194702
3.0	3.5350279808044434
3.0	3.6775569915771484
3.0	3.302583932876587
2.0	2.77011775970459
2.0	2.5751466751098633
3.0	3.874678373336792
3.0	3.875213146209717
2.0	3.2223501205444336
3.0	3.470585823059082
4.0	4.553072452545166
3.0	4.0452375411987305
1.0	1.8056820631027222
3.0	3.3753418922424316
3.0	3.472564935684204
3.0	3.5192224979400635
3.0	3.687450885772705
3.0	3.6185266971588135
3.0	3.5832858085632324
3.0	3.4161887168884277
3.0	3.1808009147644043
3.0	3.283328056335449
3.0	3.248357057571411
4.0	4.484381198883057
3.0	3.371633529663086
3.0	3.210505962371826
3.0	3.4795961380004883
4.0	4.153968811035156
4.0	4.138381004333496
4.0	4.374676704406738
2.0	1.8999358415603638
3.0	3.0347816944122314
3.0	3.786339282989502
4.0	3.6915340423583984
2.0	2.5262763500213623
3.0	3.263530731201172
3.0	3.114083766937256
1.0	1.1788628101348877
4.0	4.505847454071045
1.0	1.2338292598724365
3.0	3.4133505821228027
3.0	3.422132968902588
3.0	3.5002589225769043
2.0	2.9640142917633057
4.0	3.815614700317383
3.0	2.9569315910339355
3.0	3.2419095039367676
3.0	3.0655455589294434
3.0	3.0266547203063965
3.0	3.5935096740722656
3.0	3.185197591781616
3.0	3.213772773742676
3.0	2.704148530960083
4.0	4.311298370361328
3.0	3.4044508934020996
2.0	1.800542950630188
3.0	3.324732542037964
4.0	4.464878559112549
4.0	3.8583853244781494
4.0	3.9961867332458496
4.0	4.415236949920654
3.0	3.681748390197754
4.0	4.017339706420898
4.0	3.6869406700134277
4.0	4.138659477233887
4.0	4.111518859863281
3.0	3.549070358276367
4.0	4.389654636383057
4.0	4.268643379211426
4.0	4.356532096862793
4.0	4.17809534072876
4.0	4.386214256286621
5.0	4.623528480529785
5.0	4.768956184387207
3.0	3.0662970542907715
4.0	4.232649803161621
4.0	3.806591749191284
1.0	1.185444951057434
3.0	3.3885927200317383
4.0	4.285317420959473
2.0	2.265075206756592
3.0	2.9973740577697754
3.0	3.340078115463257
4.0	4.017849922180176
3.0	3.0824074745178223
2.0	2.0392868518829346
3.0	3.492429256439209
3.0	3.153292179107666
3.0	3.39919376373291
4.0	3.738424301147461
0.0	0.11687619239091873
2.0	2.8691816329956055
4.0	4.063378810882568
3.0	3.4521257877349854
4.0	4.268988132476807
3.0	3.5149128437042236
3.0	3.3548598289489746
4.0	4.295701026916504
4.0	4.585417747497559
3.0	2.900519371032715
3.0	3.5654048919677734
4.0	3.838505744934082
1.0	0.8407480120658875
3.0	3.2357559204101562
4.0	4.38148832321167
4.0	3.9475197792053223
4.0	4.367270469665527
5.0	4.329678535461426
3.0	3.373077154159546
4.0	3.957904100418091
1.0	0.7701681852340698
3.0	3.340322494506836
3.0	3.223771572113037
4.0	4.298900604248047
3.0	3.5803496837615967
3.0	3.425356864929199
3.0	3.2955923080444336
2.0	2.224541425704956
4.0	4.36721134185791
3.0	3.222241163253784
1.0	1.0764483213424683
4.0	3.820047378540039
3.0	3.475431442260742
3.0	3.0482394695281982
4.0	4.732895851135254
3.0	3.031172037124634
2.0	2.139486074447632
3.0	3.3435211181640625
2.0	2.0171613693237305
2.0	2.313580274581909
3.0	3.4523367881774902
4.0	4.314609050750732
3.0	3.277308940887451
2.0	2.325641632080078
3.0	3.2591004371643066
2.0	2.6197025775909424
3.0	3.3540260791778564
2.0	2.3868470191955566
2.0	2.6143696308135986
2.0	2.109957695007324
1.0	1.6100807189941406
2.0	3.447859525680542
3.0	3.4159154891967773
4.0	3.957797050476074
3.0	3.297034978866577
2.0	2.5011415481567383
3.0	3.5783824920654297
3.0	3.919320821762085
2.0	2.291916847229004
2.0	2.533541202545166
3.0	3.5423696041107178
3.0	3.591670513153076
1.0	1.2896322011947632
3.0	3.5247855186462402
3.0	3.474369525909424
2.0	2.441513776779175
3.0	3.1317250728607178
3.0	3.6654183864593506
2.0	1.7748898267745972
3.0	3.735100030899048
2.0	3.0039663314819336
2.0	2.5085995197296143
4.0	4.655401229858398
3.0	3.7043027877807617
4.0	4.540857791900635
3.0	3.3836987018585205
2.0	2.539257764816284
2.0	2.7570440769195557
2.0	2.5184402465820312
3.0	3.6374406814575195
2.0	2.573352336883545
1.0	1.6280616521835327
2.0	3.226172924041748
2.0	2.556051015853882
3.0	3.8223397731781006
2.0	3.0563721656799316
2.0	2.358815908432007
2.0	3.0728492736816406
3.0	3.5744948387145996
3.0	3.5388736724853516
1.0	2.1345362663269043
1.0	2.345993995666504
2.0	3.477289915084839
1.0	2.0017945766448975
2.0	2.6936194896698
3.0	3.624180793762207
2.0	2.951073169708252
1.0	1.271645188331604
0.0	1.6394805908203125
2.0	2.6513473987579346
2.0	2.7460696697235107
3.0	4.016113758087158
2.0	3.3809828758239746
4.0	4.0894575119018555
2.0	2.683863639831543
1.0	1.729468822479248
2.0	3.0722923278808594
3.0	4.092070579528809
3.0	3.923572063446045
4.0	4.518054485321045
2.0	3.6944313049316406
3.0	4.118431568145752
1.0	1.6982650756835938
1.0	2.2210090160369873
2.0	2.844388008117676
2.0	2.6636791229248047
3.0	2.5554704666137695
4.0	4.800954341888428
3.0	3.4283809661865234
3.0	3.8607945442199707
3.0	3.5343527793884277
2.0	3.2642862796783447
3.0	3.480334758758545
1.0	1.506770133972168
4.0	3.8341403007507324
4.0	4.337619304656982
4.0	4.336911678314209
3.0	3.7767720222473145
3.0	3.645697593688965
4.0	4.575715065002441
3.0	3.4746508598327637
3.0	3.95709490776062
2.0	3.5178494453430176
2.0	2.7967095375061035
3.0	3.3468923568725586
4.0	4.353229522705078
2.0	2.6611738204956055
3.0	3.627229928970337
4.0	4.246994495391846
3.0	4.075540542602539
4.0	4.586997985839844
2.0	2.781848907470703
3.0	3.5970256328582764
3.0	3.7483632564544678
3.0	3.80539870262146
4.0	4.601995468139648
3.0	3.617025852203369
3.0	3.4136698246002197
3.0	3.8546628952026367
3.0	3.499854564666748
2.0	2.6017465591430664
3.0	4.260062217712402
2.0	2.9789702892303467
2.0	2.714118003845215
2.0	2.243779182434082
3.0	3.8615212440490723
1.0	1.8057503700256348
1.0	1.5268641710281372
4.0	4.463974952697754
5.0	4.837512016296387
4.0	4.487570285797119
3.0	3.9921247959136963
3.0	2.984367609024048
3.0	3.8582489490509033
3.0	3.3324155807495117
3.0	3.62111234664917
4.0	4.400983810424805
3.0	4.0582594871521
3.0	3.444258689880371
3.0	3.6864750385284424
1.0	2.7384979724884033
2.0	2.4661865234375
3.0	3.5864431858062744
3.0	3.9726054668426514
2.0	2.995103120803833
1.0	1.806064248085022
2.0	2.4952893257141113
1.0	1.4541020393371582
3.0	4.038652420043945
3.0	3.4382195472717285
3.0	3.563159704208374
2.0	2.5654826164245605
4.0	4.353646278381348
4.0	4.489866733551025
1.0	1.6937121152877808
3.0	3.6529667377471924
3.0	3.7999863624572754
3.0	3.553286075592041
3.0	3.182629108428955
3.0	3.831782341003418
0.0	0.7389060258865356
4.0	4.626347064971924
3.0	2.8270411491394043
5.0	4.232104778289795
4.0	4.6023454666137695
3.0	3.505444049835205
3.0	3.5765819549560547
3.0	3.8380091190338135
4.0	4.502710819244385
3.0	3.2820286750793457
3.0	3.1633732318878174
2.0	2.798553228378296
3.0	3.630223035812378
2.0	2.8976011276245117
3.0	3.5971972942352295
4.0	3.6777076721191406
4.0	4.259209632873535
3.0	3.1846632957458496
4.0	3.807886838912964
4.0	4.020245552062988
3.0	3.458739757537842
3.0	3.5207486152648926
2.0	2.7798283100128174
2.0	2.9517171382904053
3.0	3.4687955379486084
1.0	1.6190749406814575
3.0	3.623891830444336
4.0	4.427753448486328
