label	pred
2.0	3.022341728210449
3.0	3.600551128387451
4.0	3.3441145420074463
3.0	3.0862557888031006
4.0	3.5556280612945557
5.0	3.536062240600586
4.0	3.3023200035095215
3.0	2.7388312816619873
2.0	2.5214383602142334
3.0	3.0733025074005127
2.0	3.0666511058807373
3.0	2.8348543643951416
2.0	3.0603795051574707
3.0	2.6195170879364014
1.0	2.214028835296631
3.0	3.2251224517822266
2.0	2.6998798847198486
3.0	3.1813299655914307
3.0	2.8883259296417236
4.0	3.256650686264038
3.0	3.3197438716888428
2.0	2.394247055053711
3.0	2.887730121612549
4.0	3.292034387588501
3.0	3.5090396404266357
3.0	2.9502830505371094
3.0	2.791168212890625
3.0	3.1718790531158447
3.0	4.189281940460205
4.0	3.962484121322632
3.0	3.6142630577087402
3.0	2.916940689086914
4.0	3.520970106124878
2.0	2.5769431591033936
3.0	2.9937615394592285
2.0	2.736182451248169
3.0	3.297457218170166
3.0	2.760105848312378
3.0	3.380373239517212
3.0	2.413970947265625
2.0	2.7961575984954834
3.0	3.379901647567749
3.0	2.933778762817383
3.0	2.953505754470825
2.0	2.814047336578369
4.0	3.857551097869873
4.0	3.296937942504883
4.0	3.578077793121338
4.0	3.2189440727233887
3.0	3.2095203399658203
2.0	2.5862607955932617
3.0	2.774000883102417
3.0	2.820168972015381
4.0	3.7686526775360107
3.0	3.4169135093688965
3.0	3.1115100383758545
3.0	3.265190839767456
2.0	2.9143283367156982
3.0	3.008741617202759
4.0	4.370875835418701
5.0	3.5266106128692627
4.0	2.983351707458496
4.0	3.677886724472046
3.0	3.451443672180176
3.0	3.2511672973632812
4.0	3.657261371612549
3.0	3.418922185897827
4.0	3.1971242427825928
4.0	3.2640273571014404
3.0	3.103212356567383
3.0	3.274294376373291
5.0	3.725262403488159
3.0	3.5124099254608154
3.0	3.2241737842559814
4.0	2.9083192348480225
2.0	2.6603851318359375
3.0	3.1161625385284424
3.0	2.822115898132324
3.0	3.450005054473877
4.0	3.600525379180908
5.0	3.4706153869628906
3.0	3.0733048915863037
4.0	3.0552737712860107
3.0	3.6901538372039795
2.0	2.9041686058044434
1.0	2.267758846282959
4.0	4.119057655334473
3.0	3.041504144668579
0.0	1.5152302980422974
3.0	3.083261489868164
4.0	3.58967924118042
3.0	3.32576847076416
3.0	3.016883373260498
3.0	3.444962978363037
3.0	3.286756992340088
3.0	2.963437557220459
1.0	2.1951346397399902
2.0	3.080559730529785
3.0	2.855527400970459
1.0	2.458221673965454
3.0	2.8977487087249756
2.0	2.7941665649414062
4.0	3.10571026802063
3.0	3.1409974098205566
3.0	3.0402965545654297
4.0	3.0154690742492676
3.0	2.952903985977173
3.0	3.4839165210723877
4.0	3.601606845855713
5.0	3.1372931003570557
3.0	3.746295690536499
3.0	3.6920249462127686
4.0	3.5502798557281494
3.0	3.3653039932250977
3.0	3.1622657775878906
3.0	3.0515029430389404
1.0	2.2432303428649902
2.0	3.1746976375579834
3.0	3.902214765548706
3.0	3.15354061126709
3.0	3.374694347381592
3.0	3.8171608448028564
4.0	3.5568950176239014
2.0	2.957775354385376
3.0	2.9159655570983887
2.0	3.4444684982299805
4.0	3.3753833770751953
2.0	2.3852787017822266
3.0	2.8833611011505127
4.0	2.7481210231781006
5.0	3.7166860103607178
4.0	3.865355968475342
4.0	3.403374433517456
3.0	4.081227779388428
2.0	3.313178062438965
0.0	1.9831901788711548
4.0	3.682595729827881
2.0	2.4146251678466797
3.0	3.950672149658203
3.0	3.3210248947143555
4.0	3.2210628986358643
2.0	2.268869638442993
2.0	3.0485246181488037
3.0	3.3972222805023193
3.0	3.1230673789978027
4.0	3.8862550258636475
3.0	2.9503366947174072
4.0	3.718015670776367
1.0	1.8549233675003052
4.0	3.6787989139556885
3.0	3.288935899734497
2.0	2.6099023818969727
3.0	2.8941142559051514
1.0	2.1485495567321777
4.0	3.441366195678711
0.0	1.5892653465270996
2.0	2.9989442825317383
3.0	2.8558363914489746
3.0	3.141576051712036
3.0	3.5637667179107666
3.0	2.9977810382843018
3.0	3.4278714656829834
2.0	2.5898149013519287
3.0	3.264399290084839
3.0	3.1106879711151123
2.0	2.7325334548950195
3.0	3.1927669048309326
2.0	3.198215961456299
3.0	3.2266244888305664
3.0	3.1175568103790283
3.0	3.418766736984253
4.0	3.3472139835357666
2.0	2.378941297531128
3.0	3.1746513843536377
3.0	4.194971084594727
3.0	2.5826265811920166
3.0	3.6674129962921143
3.0	3.7438716888427734
4.0	3.075887441635132
1.0	1.8170347213745117
3.0	3.329352855682373
3.0	3.619331121444702
4.0	4.306680679321289
3.0	3.216855049133301
3.0	3.297726631164551
4.0	3.464962959289551
3.0	3.019717216491699
3.0	3.2012507915496826
2.0	3.408539295196533
3.0	3.0376088619232178
4.0	3.165165424346924
3.0	2.9771728515625
3.0	3.0325067043304443
4.0	3.7855515480041504
2.0	3.0901007652282715
3.0	3.132758140563965
3.0	3.142667531967163
3.0	3.6923673152923584
2.0	3.372884750366211
4.0	3.773319721221924
3.0	3.3241047859191895
4.0	3.780299663543701
3.0	2.922252893447876
3.0	3.283811569213867
3.0	3.984546422958374
2.0	3.2765557765960693
3.0	3.1374917030334473
4.0	3.1572251319885254
4.0	3.5686538219451904
3.0	3.232692003250122
3.0	3.1191771030426025
3.0	3.5584027767181396
3.0	3.6662256717681885
4.0	3.802849054336548
3.0	3.651514768600464
2.0	3.1744587421417236
3.0	3.250162124633789
4.0	3.2318272590637207
0.0	1.394187092781067
2.0	3.1871259212493896
2.0	2.6279940605163574
4.0	3.0947818756103516
3.0	3.359668493270874
2.0	2.823042154312134
2.0	2.7645740509033203
3.0	3.004718065261841
4.0	3.1085195541381836
3.0	3.6463475227355957
3.0	3.4285976886749268
3.0	3.0401036739349365
3.0	3.4489572048187256
3.0	2.9578583240509033
4.0	3.6686952114105225
3.0	3.2756845951080322
2.0	2.850127696990967
3.0	4.235292911529541
3.0	3.5087714195251465
4.0	2.6651687622070312
2.0	2.678654909133911
4.0	3.025578260421753
4.0	3.1149144172668457
4.0	3.84027361869812
2.0	1.90575110912323
3.0	3.4046871662139893
2.0	2.8053884506225586
2.0	3.121807098388672
1.0	2.9502575397491455
3.0	3.0804295539855957
3.0	2.950112819671631
2.0	2.7762928009033203
1.0	2.195477247238159
3.0	3.5005829334259033
3.0	2.9199066162109375
3.0	3.236298084259033
3.0	3.5436131954193115
3.0	3.0577456951141357
5.0	3.221565008163452
3.0	3.1349036693573
4.0	3.8711297512054443
1.0	2.1698834896087646
2.0	2.1140451431274414
3.0	3.2145848274230957
3.0	3.1167941093444824
4.0	3.2644858360290527
2.0	3.2347378730773926
2.0	3.167391300201416
2.0	3.133986473083496
4.0	2.9009482860565186
3.0	3.1909682750701904
4.0	3.323092222213745
3.0	3.8064050674438477
4.0	3.3370676040649414
2.0	3.2207791805267334
2.0	2.3684935569763184
2.0	2.7173633575439453
3.0	2.3804166316986084
3.0	3.573404312133789
3.0	3.3256869316101074
2.0	3.08834171295166
2.0	2.4728751182556152
3.0	3.3373515605926514
3.0	4.154141426086426
4.0	3.5146384239196777
2.0	3.2695395946502686
4.0	3.522864580154419
1.0	2.6420531272888184
2.0	2.8773176670074463
2.0	3.050645589828491
4.0	3.306530714035034
3.0	2.979671001434326
4.0	3.8701725006103516
3.0	3.0470550060272217
2.0	3.5519344806671143
2.0	2.9020583629608154
2.0	2.88014554977417
2.0	2.34641170501709
2.0	3.1685473918914795
3.0	2.6622068881988525
4.0	4.474865436553955
4.0	3.187849283218384
2.0	2.9602551460266113
2.0	2.5490314960479736
5.0	3.505535364151001
2.0	2.8604249954223633
4.0	3.166447401046753
1.0	2.3550615310668945
2.0	2.7906064987182617
3.0	2.7098777294158936
4.0	3.73060941696167
3.0	3.021470308303833
2.0	3.7887494564056396
3.0	3.189821481704712
3.0	3.9337351322174072
3.0	3.252423048019409
4.0	3.6231603622436523
5.0	3.7802276611328125
3.0	2.93245792388916
3.0	3.1807546615600586
1.0	1.5724618434906006
3.0	3.438572883605957
4.0	3.5012106895446777
1.0	2.311293363571167
2.0	3.0918006896972656
4.0	3.707014560699463
4.0	3.3428337574005127
2.0	2.196636199951172
3.0	3.0479958057403564
3.0	2.813614845275879
2.0	3.5113742351531982
2.0	3.6130011081695557
3.0	3.164867639541626
3.0	3.1433777809143066
1.0	2.108320474624634
3.0	3.460062265396118
3.0	2.847879648208618
2.0	2.8585376739501953
3.0	3.6214466094970703
3.0	3.4597818851470947
4.0	3.5386478900909424
4.0	3.997420072555542
3.0	3.0299012660980225
3.0	3.137571334838867
2.0	2.558479070663452
3.0	3.2420310974121094
3.0	3.186703681945801
4.0	2.851738691329956
2.0	2.6720216274261475
2.0	3.1673531532287598
3.0	3.1734020709991455
5.0	3.5494983196258545
3.0	3.1304917335510254
4.0	3.1265830993652344
3.0	3.3291845321655273
3.0	3.455868721008301
3.0	3.126502752304077
3.0	3.245966672897339
3.0	3.2550506591796875
2.0	2.9638805389404297
3.0	2.492774248123169
5.0	3.547401189804077
