label	pred
3.0	3.2457189559936523
3.0	3.142991781234741
4.0	4.115910053253174
4.0	4.1284499168396
3.0	3.207974433898926
3.0	3.199556589126587
2.0	2.452465534210205
1.0	1.2346206903457642
3.0	3.134108304977417
3.0	3.1265716552734375
2.0	3.0720162391662598
3.0	3.0319430828094482
3.0	3.376046895980835
2.0	1.911617636680603
3.0	3.0578532218933105
3.0	2.841529369354248
3.0	3.162595510482788
3.0	3.0672004222869873
2.0	2.726994752883911
2.0	2.148737668991089
3.0	3.032709836959839
3.0	3.1347062587738037
3.0	3.771268367767334
3.0	3.1930789947509766
3.0	3.273648738861084
3.0	3.22662091255188
3.0	3.303689479827881
2.0	2.1924991607666016
3.0	2.873504400253296
2.0	2.1839935779571533
4.0	3.838104724884033
3.0	3.1220200061798096
3.0	3.1344146728515625
2.0	2.5182392597198486
3.0	3.2584714889526367
3.0	3.1774444580078125
3.0	3.1067912578582764
3.0	3.3609228134155273
3.0	3.5314338207244873
3.0	3.5202128887176514
2.0	2.3169755935668945
3.0	3.920626640319824
2.0	2.540386199951172
4.0	3.9477028846740723
3.0	3.226680278778076
2.0	2.420070171356201
2.0	2.7598888874053955
2.0	2.7202587127685547
3.0	2.896582841873169
3.0	3.2031118869781494
3.0	3.361891508102417
3.0	3.1353650093078613
2.0	2.424239158630371
3.0	3.319593906402588
1.0	0.8727927803993225
2.0	2.4752824306488037
3.0	3.751936912536621
0.0	0.07548768818378448
2.0	2.0299370288848877
3.0	3.1300032138824463
2.0	2.1771020889282227
2.0	2.2458443641662598
2.0	2.768232822418213
2.0	2.2419590950012207
1.0	0.9003735184669495
2.0	2.8405098915100098
2.0	2.5815343856811523
3.0	3.1114749908447266
3.0	3.190509796142578
3.0	2.997722864151001
3.0	3.4557385444641113
3.0	3.425675630569458
4.0	3.7813162803649902
3.0	3.3767318725585938
2.0	2.7472004890441895
3.0	3.227201223373413
3.0	3.409693956375122
3.0	3.129704475402832
1.0	1.5960832834243774
2.0	2.959754228591919
4.0	3.6737239360809326
4.0	3.701284646987915
2.0	1.9937331676483154
3.0	3.1694705486297607
3.0	3.8221640586853027
3.0	3.3110804557800293
4.0	3.8140976428985596
4.0	3.2059452533721924
3.0	3.5671868324279785
2.0	2.7531657218933105
3.0	3.107468843460083
3.0	3.20908784866333
3.0	2.930219888687134
2.0	2.5832931995391846
3.0	2.613144874572754
3.0	3.4344518184661865
3.0	3.3520376682281494
3.0	2.821963310241699
2.0	2.672419309616089
3.0	3.209684371948242
4.0	3.8652987480163574
2.0	1.9634990692138672
3.0	3.003985643386841
3.0	3.050997257232666
4.0	4.049667835235596
2.0	2.4456324577331543
3.0	3.2685298919677734
4.0	4.138760089874268
3.0	2.866027593612671
2.0	2.033207416534424
2.0	2.147413730621338
3.0	3.4929916858673096
2.0	2.52640438079834
3.0	3.2789719104766846
3.0	3.524648427963257
3.0	3.6058602333068848
4.0	3.111358404159546
3.0	2.700249671936035
4.0	4.03100061416626
3.0	3.4492154121398926
3.0	3.1436212062835693
2.0	2.668248176574707
3.0	3.4381797313690186
1.0	1.516063928604126
3.0	2.8769242763519287
3.0	3.0816893577575684
3.0	3.0421342849731445
4.0	3.8122456073760986
3.0	3.340362787246704
2.0	2.5372543334960938
3.0	2.5271999835968018
2.0	2.1716644763946533
3.0	3.1700093746185303
1.0	1.2239762544631958
3.0	2.8964662551879883
3.0	2.856395721435547
3.0	3.0558788776397705
4.0	3.660386800765991
4.0	3.8329951763153076
4.0	4.037527084350586
4.0	3.1691691875457764
3.0	3.153395175933838
1.0	0.8747531175613403
3.0	3.036853551864624
4.0	3.882584571838379
3.0	3.2150495052337646
2.0	2.559307098388672
4.0	4.275570869445801
2.0	2.116652250289917
4.0	3.7233028411865234
3.0	3.740438222885132
3.0	3.3861639499664307
1.0	1.0413875579833984
2.0	2.245753288269043
3.0	2.6878304481506348
3.0	3.387342691421509
3.0	3.6867754459381104
2.0	2.4805076122283936
2.0	1.913142204284668
4.0	4.097452640533447
3.0	3.309720754623413
4.0	3.980133056640625
2.0	2.2092247009277344
2.0	2.3723416328430176
3.0	3.096862554550171
3.0	3.2268314361572266
4.0	3.0397276878356934
3.0	3.290351390838623
3.0	3.0450572967529297
3.0	3.054070234298706
3.0	3.3822896480560303
3.0	3.5031912326812744
4.0	4.118568420410156
2.0	1.7463027238845825
3.0	3.1001358032226562
2.0	2.2619967460632324
3.0	2.962484836578369
2.0	2.6632535457611084
1.0	0.4424856901168823
2.0	2.1900930404663086
3.0	2.4029030799865723
3.0	2.873636484146118
2.0	2.40803861618042
3.0	2.883981943130493
3.0	3.297236919403076
4.0	3.6422126293182373
3.0	3.181577205657959
2.0	1.7502601146697998
4.0	3.779886245727539
3.0	2.875206470489502
3.0	2.9825265407562256
3.0	3.15157151222229
3.0	3.097633123397827
3.0	2.780282735824585
4.0	3.243159055709839
3.0	3.0271360874176025
4.0	3.66210675239563
2.0	2.3087968826293945
2.0	2.210935592651367
3.0	3.3550713062286377
3.0	2.8636577129364014
3.0	2.8618242740631104
4.0	3.5909533500671387
3.0	3.2798993587493896
3.0	3.0808067321777344
2.0	2.5084171295166016
2.0	1.9267916679382324
2.0	2.3241937160491943
3.0	3.126159429550171
3.0	3.0163254737854004
3.0	2.951542377471924
3.0	2.4705750942230225
3.0	3.771993398666382
3.0	2.782489061355591
4.0	3.6918203830718994
4.0	3.2411835193634033
3.0	3.275468111038208
4.0	3.8583407402038574
4.0	3.3695390224456787
3.0	3.113560676574707
3.0	3.4879331588745117
3.0	3.1459929943084717
4.0	3.392136812210083
4.0	3.603452444076538
2.0	1.6624447107315063
4.0	3.9970133304595947
1.0	0.6417354345321655
3.0	2.974968910217285
3.0	3.595632791519165
3.0	3.4171574115753174
3.0	2.664630889892578
3.0	3.0710384845733643
5.0	4.186648368835449
3.0	3.034580945968628
1.0	0.7627431154251099
4.0	4.114264965057373
4.0	3.718581438064575
2.0	2.0019094944000244
4.0	3.9983057975769043
2.0	2.257535696029663
3.0	3.1653404235839844
3.0	2.9100492000579834
4.0	3.9491448402404785
4.0	4.055776596069336
2.0	2.2638771533966064
4.0	3.9150686264038086
3.0	3.403441905975342
3.0	3.079380512237549
4.0	3.5610082149505615
2.0	2.23547101020813
4.0	3.863401174545288
1.0	0.2628632187843323
1.0	0.8612704873085022
2.0	1.8116415739059448
3.0	2.8069770336151123
3.0	2.8336806297302246
2.0	1.9587128162384033
2.0	2.0958337783813477
3.0	2.832780599594116
2.0	2.2564821243286133
4.0	4.177690029144287
1.0	1.3870124816894531
2.0	1.9475352764129639
3.0	3.061466693878174
2.0	1.702243447303772
3.0	3.076984405517578
3.0	2.1967716217041016
3.0	3.2378644943237305
3.0	3.0952680110931396
3.0	3.1666812896728516
4.0	3.626485586166382
4.0	3.5890376567840576
3.0	2.80854868888855
3.0	2.3848929405212402
4.0	3.688702344894409
2.0	1.4852712154388428
3.0	2.1843583583831787
2.0	1.4433612823486328
4.0	3.9371464252471924
4.0	3.8259880542755127
3.0	3.341953754425049
2.0	1.9377061128616333
2.0	1.8920984268188477
2.0	2.297896385192871
3.0	3.0483667850494385
1.0	1.6491369009017944
4.0	3.7254064083099365
4.0	3.790881872177124
3.0	2.6707916259765625
2.0	2.304767370223999
4.0	3.953486680984497
3.0	3.30948805809021
4.0	3.8156511783599854
5.0	3.482405185699463
4.0	3.5047736167907715
1.0	0.8591994643211365
4.0	2.8929150104522705
5.0	4.477935314178467
2.0	1.8648818731307983
2.0	1.8885130882263184
3.0	3.050311803817749
4.0	3.915801525115967
2.0	1.8988755941390991
4.0	3.377406597137451
1.0	1.0015908479690552
4.0	3.6177730560302734
3.0	2.3486881256103516
4.0	3.5058014392852783
3.0	3.2452573776245117
4.0	4.014245510101318
3.0	2.7540791034698486
1.0	1.338921070098877
5.0	4.1698689460754395
5.0	3.605088949203491
4.0	2.9713358879089355
4.0	3.70562481880188
1.0	0.8136944770812988
4.0	4.045621395111084
4.0	3.8204095363616943
3.0	2.9736950397491455
4.0	3.2527639865875244
4.0	3.7585127353668213
2.0	2.946622133255005
3.0	3.1246531009674072
1.0	0.9060361981391907
3.0	2.6882505416870117
3.0	2.7511608600616455
4.0	2.8645613193511963
3.0	3.0817556381225586
2.0	2.140702486038208
4.0	3.653595209121704
3.0	3.3793394565582275
3.0	3.0589048862457275
4.0	3.7863357067108154
5.0	3.9734413623809814
3.0	2.9475479125976562
3.0	2.6516146659851074
4.0	3.8444371223449707
3.0	2.6808135509490967
3.0	3.0811707973480225
4.0	3.4433200359344482
3.0	3.0198163986206055
3.0	3.0765860080718994
4.0	3.7332980632781982
3.0	2.7799839973449707
4.0	3.004678726196289
3.0	2.629171371459961
4.0	3.5314993858337402
3.0	3.0296695232391357
3.0	2.9420480728149414
3.0	2.7439069747924805
3.0	2.95939040184021
4.0	3.74526047706604
4.0	3.225809097290039
4.0	3.5216078758239746
4.0	3.4217031002044678
4.0	3.9248085021972656
4.0	3.1784543991088867
4.0	3.627418041229248
5.0	3.171093463897705
