label	pred
4.0	3.1053500175476074
1.0	1.56132972240448
2.0	2.7372524738311768
4.0	2.835749387741089
3.0	2.727017402648926
2.0	2.398724317550659
2.0	2.8260693550109863
4.0	2.591625452041626
2.0	3.202572822570801
3.0	3.6807639598846436
2.0	2.4440512657165527
3.0	2.7723193168640137
4.0	3.188652276992798
2.0	2.5295655727386475
1.0	1.183714747428894
3.0	2.6919617652893066
4.0	2.632266044616699
4.0	2.2890424728393555
2.0	2.267496109008789
3.0	2.7315609455108643
3.0	2.420651435852051
2.0	3.064580202102661
2.0	2.600846767425537
2.0	3.210390567779541
4.0	3.020139455795288
4.0	3.1658754348754883
2.0	2.115859270095825
0.0	1.3054465055465698
3.0	2.700122117996216
3.0	2.924774646759033
4.0	3.498936176300049
3.0	2.740997552871704
1.0	2.2249927520751953
3.0	2.7852625846862793
3.0	2.472257375717163
4.0	3.7965006828308105
3.0	2.475959062576294
3.0	3.562971830368042
3.0	2.970078468322754
2.0	2.7891767024993896
3.0	2.730743408203125
4.0	2.986534595489502
4.0	3.0190694332122803
4.0	2.856973648071289
3.0	3.1947381496429443
2.0	2.281822919845581
4.0	3.551797866821289
3.0	2.564826488494873
4.0	2.856333017349243
3.0	2.8424227237701416
3.0	3.207277774810791
2.0	2.8011715412139893
3.0	3.3359992504119873
2.0	2.7027862071990967
4.0	3.028615951538086
5.0	2.635720729827881
5.0	3.4131386280059814
1.0	2.059476375579834
2.0	2.3423125743865967
3.0	3.580655336380005
1.0	1.4715477228164673
2.0	1.9142569303512573
3.0	3.400395154953003
4.0	3.2064120769500732
3.0	2.8435311317443848
2.0	3.02990460395813
2.0	2.5170726776123047
3.0	3.17326021194458
2.0	2.6277995109558105
2.0	2.835968017578125
4.0	2.9948978424072266
3.0	2.8618569374084473
2.0	2.4959731101989746
3.0	2.8637232780456543
3.0	3.085641384124756
3.0	3.451556921005249
3.0	2.8854596614837646
3.0	2.9463679790496826
3.0	2.808990955352783
1.0	1.9369540214538574
3.0	3.229757785797119
3.0	3.1018950939178467
3.0	2.8715877532958984
3.0	2.7559938430786133
3.0	3.1608848571777344
3.0	2.888673782348633
3.0	2.4427154064178467
2.0	2.1367812156677246
1.0	1.6220290660858154
3.0	2.724491596221924
2.0	2.618237018585205
4.0	3.1395654678344727
3.0	2.547675848007202
2.0	2.6793251037597656
5.0	2.9391965866088867
5.0	3.441016674041748
5.0	3.100926637649536
4.0	3.157230854034424
3.0	3.1594676971435547
5.0	3.287893295288086
3.0	2.8965983390808105
4.0	2.6433827877044678
3.0	3.0161314010620117
3.0	3.4082000255584717
3.0	2.7809925079345703
3.0	2.612931966781616
4.0	2.9685003757476807
2.0	1.7128345966339111
1.0	1.43131422996521
2.0	1.7448058128356934
3.0	2.614387273788452
3.0	2.3213324546813965
3.0	2.6551454067230225
2.0	1.691514015197754
1.0	1.9172325134277344
2.0	2.7429609298706055
3.0	3.2995591163635254
1.0	1.6819761991500854
1.0	1.6621322631835938
3.0	3.052799940109253
2.0	2.443178415298462
3.0	3.074643135070801
2.0	2.5646555423736572
2.0	3.037059783935547
3.0	2.5095672607421875
2.0	2.4580888748168945
4.0	2.7650837898254395
2.0	2.035618543624878
3.0	3.124573230743408
3.0	2.635549306869507
2.0	2.570955514907837
3.0	3.4534642696380615
2.0	2.2873282432556152
3.0	2.669017791748047
2.0	2.541184902191162
4.0	2.478546380996704
4.0	3.3786118030548096
3.0	3.2630889415740967
2.0	2.538386344909668
3.0	2.351922035217285
1.0	2.3542306423187256
3.0	2.969947576522827
2.0	2.7654714584350586
3.0	3.147623300552368
3.0	2.8390095233917236
2.0	2.419499158859253
3.0	2.9927468299865723
5.0	2.8269009590148926
3.0	3.1076719760894775
3.0	2.8327443599700928
3.0	3.1140739917755127
4.0	2.811511993408203
3.0	3.88521409034729
2.0	3.101497173309326
3.0	2.741010904312134
3.0	2.859771728515625
3.0	2.590043306350708
2.0	3.035818338394165
3.0	3.0073797702789307
3.0	2.805650472640991
3.0	2.6377086639404297
2.0	3.343737840652466
3.0	2.9659218788146973
3.0	2.7759318351745605
2.0	3.1653923988342285
3.0	3.468097686767578
3.0	3.396056652069092
3.0	3.1423227787017822
2.0	1.9154969453811646
1.0	1.2967727184295654
2.0	1.9540048837661743
2.0	2.9558982849121094
4.0	2.9562454223632812
3.0	3.605034351348877
3.0	2.790424108505249
4.0	3.3270301818847656
2.0	2.3078856468200684
3.0	1.9596995115280151
3.0	3.004688024520874
4.0	2.8500959873199463
2.0	2.062549114227295
2.0	1.885425329208374
4.0	3.5608537197113037
3.0	2.904721975326538
3.0	3.2295427322387695
3.0	3.240386486053467
2.0	2.4193115234375
2.0	2.7650091648101807
3.0	2.699796676635742
2.0	2.3112499713897705
3.0	2.237050771713257
3.0	3.1710925102233887
3.0	2.7933857440948486
4.0	3.0020501613616943
4.0	3.846874952316284
4.0	3.0607411861419678
2.0	3.1156413555145264
4.0	2.662144660949707
4.0	3.221903085708618
2.0	1.2487355470657349
2.0	2.7261815071105957
2.0	2.9939873218536377
4.0	2.587036371231079
4.0	2.6951940059661865
2.0	2.383460283279419
3.0	2.6679880619049072
3.0	2.760829448699951
3.0	3.1250646114349365
3.0	2.6569912433624268
3.0	2.7301108837127686
3.0	3.5408358573913574
5.0	3.017961263656616
3.0	3.480501890182495
5.0	3.1123499870300293
2.0	2.3368756771087646
3.0	4.049592018127441
4.0	2.612348794937134
3.0	2.8989920616149902
4.0	2.615501642227173
3.0	2.2092695236206055
2.0	2.890578031539917
3.0	2.6725289821624756
4.0	2.9619946479797363
3.0	2.5716452598571777
4.0	2.8149070739746094
4.0	2.7018144130706787
3.0	3.245180130004883
2.0	2.6317412853240967
3.0	2.879180669784546
2.0	2.783867359161377
3.0	2.5932226181030273
2.0	1.9740948677062988
3.0	2.8607373237609863
3.0	2.9097161293029785
5.0	2.4350836277008057
4.0	2.878270149230957
5.0	3.481912136077881
2.0	1.8835968971252441
4.0	2.6224913597106934
4.0	2.560292959213257
3.0	2.8157081604003906
5.0	2.752345085144043
3.0	2.8776438236236572
4.0	2.6695501804351807
2.0	1.832651138305664
2.0	2.493532180786133
3.0	2.837761163711548
3.0	2.5786375999450684
3.0	2.321376323699951
3.0	2.536461353302002
4.0	3.182372570037842
2.0	3.036702871322632
2.0	1.6794394254684448
4.0	3.3127171993255615
2.0	2.2050209045410156
3.0	3.1598877906799316
3.0	2.938646078109741
4.0	2.885685920715332
4.0	3.1889805793762207
1.0	1.3838255405426025
2.0	2.5410637855529785
4.0	2.7975168228149414
2.0	2.801011562347412
0.0	1.4008115530014038
3.0	3.1141350269317627
4.0	3.0268712043762207
2.0	1.7624890804290771
1.0	1.2928929328918457
2.0	2.4324631690979004
4.0	2.9910261631011963
3.0	3.0717155933380127
4.0	3.431856155395508
2.0	1.758492112159729
3.0	2.522585391998291
3.0	3.1322124004364014
4.0	2.8758976459503174
4.0	3.0728518962860107
3.0	2.493682861328125
2.0	3.0501644611358643
1.0	1.4991393089294434
3.0	2.615314483642578
1.0	1.793325424194336
3.0	3.042459726333618
4.0	3.2167539596557617
3.0	3.1592371463775635
4.0	3.135444402694702
2.0	1.9118956327438354
4.0	2.90981125831604
5.0	3.3332653045654297
3.0	3.2766811847686768
3.0	2.682312488555908
3.0	3.2247791290283203
3.0	2.9707157611846924
4.0	2.575679302215576
2.0	1.9504133462905884
4.0	3.2921409606933594
3.0	2.745915412902832
2.0	2.856890916824341
3.0	2.864071846008301
4.0	3.0678796768188477
4.0	3.0399012565612793
4.0	3.6614160537719727
2.0	1.7442388534545898
4.0	3.2458243370056152
5.0	2.4162416458129883
3.0	2.423881769180298
3.0	2.6636910438537598
2.0	2.5540404319763184
3.0	2.5845248699188232
4.0	2.7737250328063965
3.0	3.094228506088257
2.0	2.396660089492798
3.0	3.1466965675354004
5.0	3.1668365001678467
4.0	3.0320093631744385
3.0	3.2278366088867188
3.0	2.803561210632324
2.0	2.583038091659546
4.0	3.074533700942993
2.0	2.241015911102295
5.0	3.115344524383545
4.0	3.0309321880340576
4.0	2.9761695861816406
3.0	2.377340793609619
3.0	2.9751057624816895
3.0	2.720118999481201
3.0	2.6425857543945312
3.0	3.4454591274261475
4.0	3.424001932144165
3.0	3.1538593769073486
3.0	2.8599491119384766
3.0	3.1027183532714844
5.0	3.2146153450012207
4.0	2.9255099296569824
4.0	3.1610169410705566
2.0	2.4355320930480957
3.0	2.9529836177825928
3.0	2.9997525215148926
4.0	3.279564380645752
3.0	2.770444631576538
3.0	2.9866127967834473
2.0	3.0379607677459717
3.0	3.0470571517944336
4.0	3.189253807067871
2.0	2.214975595474243
4.0	3.092109203338623
2.0	2.6036055088043213
4.0	3.2001423835754395
3.0	3.461461067199707
3.0	3.6294965744018555
3.0	2.6327574253082275
2.0	1.743139624595642
3.0	3.04970121383667
4.0	2.9678971767425537
2.0	2.5473742485046387
2.0	2.163343906402588
4.0	2.6959497928619385
3.0	2.7086503505706787
2.0	2.4329588413238525
3.0	3.0652825832366943
