label	pred
4.0	3.187560558319092
1.0	0.990075945854187
3.0	3.0049431324005127
3.0	2.5687644481658936
2.0	1.958956003189087
3.0	2.822293996810913
2.0	2.3689417839050293
3.0	1.8715564012527466
2.0	2.480151891708374
3.0	3.01749587059021
3.0	3.133469343185425
3.0	2.228940725326538
2.0	2.051757335662842
2.0	2.457590341567993
3.0	2.4000039100646973
4.0	3.4437434673309326
1.0	1.2191158533096313
2.0	2.224118709564209
3.0	2.9356348514556885
3.0	2.2098095417022705
4.0	3.259737014770508
4.0	3.677049398422241
2.0	2.75115704536438
2.0	2.409872055053711
4.0	3.434161901473999
4.0	3.1060140132904053
2.0	2.273050308227539
2.0	1.9093507528305054
2.0	2.536473512649536
2.0	2.4170143604278564
3.0	3.1007261276245117
2.0	2.4208765029907227
2.0	1.7091848850250244
2.0	2.164336919784546
3.0	2.497804880142212
2.0	2.1133670806884766
1.0	1.5324530601501465
3.0	2.82960844039917
4.0	2.8765103816986084
3.0	2.6702966690063477
2.0	1.5402299165725708
2.0	1.9793692827224731
4.0	3.3558382987976074
1.0	1.1319109201431274
3.0	3.1115829944610596
2.0	2.0431880950927734
2.0	2.6155762672424316
1.0	1.3139009475708008
4.0	2.986711263656616
2.0	2.5970935821533203
3.0	2.9836626052856445
2.0	2.449859380722046
2.0	3.5004124641418457
5.0	4.061874866485596
3.0	2.591703414916992
2.0	2.1452536582946777
4.0	2.946866989135742
4.0	3.0134940147399902
4.0	3.043370008468628
3.0	2.592341661453247
2.0	2.421294689178467
2.0	2.310351610183716
3.0	2.752488136291504
4.0	3.6303493976593018
2.0	1.7416762113571167
5.0	2.8338003158569336
4.0	2.7977938652038574
4.0	3.7084739208221436
1.0	1.6528480052947998
2.0	3.1868133544921875
4.0	2.4292843341827393
2.0	2.078749418258667
3.0	3.0433268547058105
3.0	2.0342447757720947
2.0	2.5510244369506836
2.0	2.051339626312256
3.0	2.7390451431274414
3.0	3.413581132888794
3.0	3.1648151874542236
3.0	2.6784143447875977
2.0	3.1788651943206787
2.0	2.4785289764404297
3.0	3.316159248352051
3.0	2.7048885822296143
3.0	2.9868266582489014
2.0	2.662275552749634
4.0	3.6123828887939453
2.0	1.2609823942184448
2.0	2.5581398010253906
3.0	2.925135850906372
3.0	2.818002462387085
3.0	1.907059669494629
2.0	2.5788681507110596
4.0	3.125737428665161
2.0	2.3013970851898193
4.0	3.119260311126709
3.0	2.9549880027770996
3.0	3.0010461807250977
3.0	2.495959520339966
4.0	3.047694683074951
3.0	3.1011850833892822
2.0	1.5882428884506226
3.0	3.338446617126465
1.0	1.1827064752578735
2.0	2.6944868564605713
4.0	2.39094614982605
1.0	2.675234317779541
4.0	1.9954257011413574
2.0	2.804539442062378
3.0	2.5504019260406494
2.0	2.6425650119781494
4.0	2.9611730575561523
2.0	2.175684690475464
3.0	2.493654727935791
3.0	2.2967844009399414
3.0	2.8806354999542236
2.0	2.249744415283203
3.0	2.8604848384857178
3.0	2.8410959243774414
2.0	1.7545497417449951
3.0	2.3697733879089355
4.0	3.336947202682495
3.0	3.6169633865356445
2.0	2.848031520843506
3.0	2.8301682472229004
2.0	1.8428856134414673
3.0	2.709669351577759
2.0	2.2233216762542725
4.0	2.815498113632202
4.0	3.608407974243164
2.0	2.1981961727142334
3.0	3.1232430934906006
3.0	2.688551425933838
3.0	2.8455746173858643
3.0	2.8555755615234375
4.0	3.5509471893310547
3.0	2.906740188598633
3.0	2.187864303588867
4.0	3.3328349590301514
2.0	1.9739991426467896
2.0	2.028669595718384
3.0	2.628445625305176
4.0	3.2285377979278564
3.0	2.4541077613830566
3.0	3.3067219257354736
3.0	3.3349499702453613
3.0	2.8400673866271973
1.0	0.9865781664848328
3.0	2.4823505878448486
4.0	3.182913064956665
3.0	2.640857696533203
1.0	2.8750131130218506
2.0	1.6966465711593628
2.0	2.5784130096435547
2.0	2.3184022903442383
2.0	2.2926857471466064
2.0	2.554396867752075
2.0	1.4468709230422974
4.0	3.412825107574463
3.0	2.608347177505493
4.0	3.064117431640625
3.0	2.9062583446502686
2.0	2.259650230407715
3.0	1.932971715927124
3.0	2.8534061908721924
3.0	3.121410608291626
3.0	3.21946120262146
3.0	2.273998260498047
2.0	1.7609578371047974
2.0	1.5134145021438599
4.0	2.796700954437256
4.0	3.185698986053467
2.0	2.350151300430298
3.0	2.7510221004486084
2.0	2.5440287590026855
5.0	3.654937982559204
2.0	2.2268497943878174
4.0	3.2219529151916504
4.0	2.7950055599212646
3.0	2.7961466312408447
2.0	2.6057143211364746
1.0	1.0803470611572266
1.0	1.5145562887191772
4.0	3.6808266639709473
1.0	1.3328421115875244
1.0	1.3162363767623901
3.0	2.369565010070801
4.0	3.6373159885406494
4.0	3.5706608295440674
3.0	2.3017191886901855
4.0	3.2865803241729736
4.0	4.016320705413818
2.0	2.78762149810791
2.0	1.794787883758545
4.0	2.621278762817383
2.0	2.9835593700408936
3.0	3.0090975761413574
3.0	2.9832911491394043
4.0	3.5432143211364746
3.0	2.698840856552124
3.0	3.5265517234802246
3.0	2.66521954536438
3.0	2.7828762531280518
2.0	2.214284658432007
3.0	2.6592512130737305
0.0	0.7489044070243835
3.0	3.221945285797119
2.0	2.3905885219573975
3.0	2.874828577041626
3.0	2.841174364089966
3.0	2.950432300567627
2.0	2.804042339324951
3.0	2.3532440662384033
3.0	3.51545786857605
3.0	2.6400949954986572
2.0	3.044490098953247
2.0	2.3406083583831787
3.0	3.3490679264068604
3.0	2.8098905086517334
2.0	2.6622438430786133
3.0	2.855224847793579
3.0	2.971932888031006
4.0	3.0461153984069824
1.0	1.7922029495239258
3.0	2.932561159133911
4.0	3.749326229095459
3.0	2.9396378993988037
4.0	3.2102761268615723
3.0	2.7941558361053467
3.0	2.723191022872925
3.0	2.9313011169433594
2.0	2.1683785915374756
4.0	3.6930601596832275
3.0	2.8100147247314453
4.0	3.130061388015747
2.0	2.203979730606079
4.0	3.962625026702881
3.0	2.6890366077423096
2.0	2.5775411128997803
3.0	2.85492205619812
3.0	3.57150936126709
3.0	2.913170576095581
3.0	2.883058786392212
3.0	2.0500848293304443
3.0	3.6405417919158936
3.0	2.8267407417297363
3.0	3.0015387535095215
3.0	3.068753480911255
2.0	2.1702303886413574
3.0	3.4917237758636475
2.0	3.0518741607666016
3.0	3.0684995651245117
2.0	2.429821252822876
4.0	3.4555721282958984
1.0	0.7007656693458557
2.0	2.500101089477539
3.0	2.7453560829162598
3.0	3.0080463886260986
4.0	3.289865255355835
2.0	2.1040000915527344
3.0	3.2765164375305176
3.0	3.2952165603637695
3.0	2.9554431438446045
3.0	2.7560508251190186
3.0	2.543741226196289
3.0	2.8702099323272705
1.0	1.9408236742019653
3.0	2.9106080532073975
1.0	1.7178611755371094
2.0	1.9758864641189575
3.0	2.8079066276550293
3.0	2.8971810340881348
2.0	3.214362144470215
4.0	2.6083896160125732
3.0	2.7817273139953613
2.0	1.8425912857055664
0.0	1.2746654748916626
1.0	1.8414397239685059
2.0	1.7727208137512207
3.0	2.49582839012146
2.0	2.814096450805664
2.0	2.371450424194336
2.0	2.1830086708068848
3.0	2.572761297225952
2.0	2.6850979328155518
3.0	3.2087583541870117
3.0	2.869737386703491
2.0	2.114126682281494
3.0	3.583996534347534
2.0	2.0091562271118164
2.0	2.9281363487243652
2.0	2.3603100776672363
3.0	3.4109385013580322
2.0	3.094916820526123
2.0	2.6873669624328613
3.0	2.7888476848602295
2.0	2.6472132205963135
2.0	2.1726222038269043
3.0	3.618889570236206
1.0	1.6937023401260376
2.0	2.182037830352783
3.0	3.1990408897399902
2.0	2.514857530593872
3.0	2.9924137592315674
2.0	2.7206954956054688
2.0	2.3726699352264404
1.0	1.4426172971725464
3.0	3.474961519241333
2.0	2.58270263671875
2.0	2.365441083908081
0.0	1.028867483139038
0.0	1.2097766399383545
3.0	3.2472689151763916
2.0	2.3973774909973145
2.0	2.1449472904205322
2.0	2.5445404052734375
3.0	3.757542371749878
3.0	3.329610824584961
3.0	2.7822418212890625
2.0	2.492861032485962
3.0	3.203004837036133
2.0	2.6710445880889893
2.0	3.348742723464966
2.0	2.9406983852386475
4.0	3.853771448135376
2.0	3.1450273990631104
1.0	1.1688374280929565
2.0	2.7679829597473145
3.0	3.503666877746582
1.0	2.060753345489502
3.0	3.5825278759002686
3.0	3.1908340454101562
2.0	3.6317965984344482
2.0	2.005939483642578
2.0	3.059359550476074
3.0	3.7474300861358643
1.0	2.3907244205474854
2.0	2.5235631465911865
3.0	3.035769462585449
2.0	3.2256367206573486
3.0	3.683128595352173
3.0	2.9671130180358887
3.0	3.7809197902679443
3.0	3.340395927429199
3.0	2.875251054763794
2.0	1.818192958831787
4.0	3.740844488143921
2.0	2.852078437805176
3.0	3.0798497200012207
2.0	2.102330207824707
2.0	2.2731659412384033
3.0	3.76348614692688
3.0	3.185421943664551
2.0	2.8506979942321777
3.0	3.3986241817474365
3.0	2.710808038711548
2.0	2.406397819519043
3.0	3.471771717071533
3.0	3.2912964820861816
3.0	3.400524377822876
